9.510112762451172,2,19673,0.507373571395874
9.512529373168945,3,39635,0.14878439903259277
9.514422416687012,4,57561,0.17593932151794434
9.516373634338379,5,77071,0.1537773609161377
9.514238357543945,6,97463,0.15465044975280762
9.519257545471191,7,117171,0.15465521812438965
9.512228965759277,8,136585,0.15463972091674805
9.51413631439209,9,155833,0.15448951721191406
9.511155128479004,10,175057,0.15423130989074707
9.507951736450195,11,195254,0.153395414352417
9.514114379882812,12,215622,0.15698862075805664
9.510505676269531,13,234221,0.15436863899230957
9.513937950134277,14,253663,0.15360665321350098
9.511163711547852,15,272759,0.15315961837768555
9.512503623962402,16,293171,0.15421772003173828
9.509050369262695,17,298680,0.04861259460449219
9.508353233337402,18,318821,0.15364289283752441
9.507980346679688,19,338042,0.15299606323242188
9.509353637695312,20,358476,0.15466737747192383
9.504826545715332,21,378750,0.154219388961792
9.506431579589844,22,397325,0.1531696319580078
9.50167179107666,23,417113,0.15369200706481934
9.50198745727539,24,436268,0.15303373336791992
9.503875732421875,25,456258,0.15332627296447754
9.497193336486816,26,477053,0.15357327461242676
9.501585006713867,27,496051,0.15373826026916504
9.499434471130371,28,514437,0.1541426181793213
9.49627685546875,29,534575,0.15401601791381836
9.49356746673584,30,554558,0.15297341346740723
9.495609283447266,31,575629,0.15308880805969238
9.493355751037598,32,595679,0.15410137176513672
9.498817443847656,33,600599,0.04809713363647461
9.489603996276855,34,620401,0.1536102294921875
9.480083465576172,35,643384,0.1522693634033203
9.484840393066406,36,662051,0.1511976718902588
9.488426208496094,37,679976,0.15011858940124512
9.48631477355957,38,698266,0.1508324146270752
9.482008934020996,39,716603,0.15027570724487305
9.4785737991333,40,735444,0.15044093132019043
9.475595474243164,41,755833,0.15015482902526855
9.472860336303711,42,776192,0.14998173713684082
9.474985122680664,43,795588,0.15145230293273926
9.473807334899902,44,814491,0.15120577812194824
9.465781211853027,45,835748,0.15105438232421875
9.466178894042969,46,856548,0.15080857276916504
9.461421966552734,47,877076,0.15189647674560547
9.464605331420898,48,894788,0.15050816535949707
9.454587936401367,49,899232,0.045037269592285156
9.455086708068848,50,918220,0.15174555778503418
9.455254554748535,51,937965,0.1509096622467041
9.452805519104004,52,957222,0.15068793296813965
9.449522018432617,53,978077,0.15042376518249512
9.447723388671875,54,997873,0.15104079246520996
9.440841674804688,55,1017700,0.15094399452209473
9.441970825195312,56,1037295,0.1498854160308838
9.441816329956055,57,1056125,0.15032553672790527
9.437496185302734,58,1075475,0.15051484107971191
9.43057918548584,59,1096691,0.15091490745544434
9.431675910949707,60,1116688,0.1509864330291748
9.427462577819824,61,1136608,0.15127992630004883
9.421538352966309,62,1157369,0.15118741989135742
9.419520378112793,63,1176757,0.15222620964050293
9.421866416931152,64,1195648,0.15156817436218262
9.412330627441406,65,1200616,0.04607248306274414
9.410955429077148,66,1219153,0.1519176959991455
9.40678882598877,67,1239609,0.1513683795928955
9.407022476196289,68,1259558,0.15283536911010742
9.400506019592285,69,1280435,0.1512312889099121
9.400527954101562,70,1299790,0.15240764617919922
9.400481224060059,71,1318186,0.15062403678894043
9.386795997619629,72,1338376,0.15105509757995605
9.39318561553955,73,1358066,0.15152454376220703
9.384230613708496,74,1378441,0.15117764472961426
9.38148021697998,75,1397881,0.1509387493133545
9.373984336853027,76,1416975,0.15119242668151855
9.370489120483398,77,1438333,0.15195178985595703
9.368926048278809,78,1457312,0.1505415439605713
9.36585521697998,79,1477841,0.15151286125183105
9.364498138427734,80,1497144,0.15114259719848633
9.34561824798584,81,1502319,0.04569196701049805
9.352008819580078,82,1521110,0.15085577964782715
9.347847938537598,83,1541279,0.15047788619995117
9.349936485290527,84,1560041,0.15109014511108398
9.340954780578613,85,1580524,0.15133190155029297
9.332700729370117,86,1600498,0.1505744457244873
9.332779884338379,87,1621106,0.15514230728149414
9.321906089782715,88,1641731,0.15413904190063477
9.321030616760254,89,1662739,0.1529390811920166
9.32422161102295,90,1680761,0.15457653999328613
9.315637588500977,91,1700808,0.15450286865234375
9.315239906311035,92,1719597,0.15337681770324707
9.305524826049805,93,1739756,0.15356016159057617
9.295573234558105,94,1761396,0.15271997451782227
9.29064655303955,95,1780690,0.1540355682373047
9.29185962677002,96,1800573,0.1546323299407959
9.289401054382324,97,1805850,0.04821348190307617
9.291211128234863,98,1823839,0.1540050506591797
9.287397384643555,99,1842124,0.15342259407043457
9.267143249511719,100,1862848,0.15378212928771973
9.278040885925293,101,1881866,0.1545882225036621
9.263991355895996,102,1903163,0.15349936485290527
9.261627197265625,103,1922611,0.1531224250793457
9.261689186096191,104,1942406,0.1560039520263672
9.249738693237305,105,1962476,0.15411877632141113
9.254117965698242,106,1980410,0.1537480354309082
9.241536140441895,107,2000144,0.15470480918884277
9.225268363952637,108,2019826,0.1537182331085205
9.229353904724121,109,2038344,0.15368890762329102
9.221657752990723,110,2056999,0.1540055274963379
9.212225914001465,111,2077205,0.15350055694580078
9.223292350769043,112,2095922,0.1540083885192871
9.20594310760498,113,2100579,0.048516273498535156
9.195230484008789,114,2121257,0.15392541885375977
9.200878143310547,115,2141509,0.15296697616577148
9.196717262268066,116,2160972,0.15400457382202148
9.181082725524902,117,2180300,0.15418481826782227
9.17898941040039,118,2200371,0.1539466381072998
9.161548614501953,119,2220121,0.15369653701782227
9.17110824584961,120,2240475,0.15441060066223145
9.16408920288086,121,2259679,0.15381145477294922
9.156980514526367,122,2279131,0.1531999111175537
9.147782325744629,123,2299055,0.15473461151123047
9.140399932861328,124,2319478,0.15361762046813965
9.139650344848633,125,2339561,0.15406465530395508
9.12247371673584,126,2360573,0.15476346015930176
9.140145301818848,127,2379902,0.15382599830627441
9.125202178955078,128,2398715,0.15340471267700195
9.11698055267334,129,2403242,0.04758143424987793
9.104585647583008,130,2423481,0.15362310409545898
9.114863395690918,131,2443190,0.1543436050415039
9.106382369995117,132,2461610,0.15284132957458496
9.081226348876953,133,2481853,0.15311646461486816
9.09061050415039,134,2501888,0.15404605865478516
9.078369140625,135,2523099,0.1531352996826172
9.088330268859863,136,2542389,0.15322422981262207
9.060131072998047,137,2563122,0.1546628475189209
9.053079605102539,138,2583367,0.15382051467895508
9.067044258117676,139,2602230,0.15369606018066406
9.039225578308105,140,2622786,0.15395593643188477
9.045429229736328,141,2640783,0.15399742126464844
9.032784461975098,142,2659961,0.15400218963623047
9.020583152770996,143,2680367,0.15485692024230957
9.032293319702148,144,2699099,0.15549159049987793
9.000239372253418,145,2703743,0.048912763595581055
9.01990795135498,146,2723556,0.15438103675842285
9.005285263061523,147,2742922,0.1540520191192627
8.989723205566406,148,2762312,0.1544640064239502
8.988255500793457,149,2781866,0.15398263931274414
8.974989891052246,150,2803333,0.1542963981628418
8.978253364562988,151,2822570,0.15274763107299805
8.968672752380371,152,2841780,0.15273618698120117
8.96122932434082,153,2860511,0.15380239486694336
8.961494445800781,154,2878478,0.15386223793029785
8.934279441833496,155,2900191,0.15346455574035645
8.938881874084473,156,2920039,0.15387201309204102
8.93999195098877,157,2940537,0.15381813049316406
8.925944328308105,158,2960590,0.15358352661132812
8.90918254852295,159,2981683,0.15381336212158203
8.923039436340332,160,3001318,0.15333771705627441
8.938511848449707,161,3005416,0.04824566841125488
8.87991714477539,162,3026088,0.1541578769683838
8.893028259277344,163,3046074,0.15360546112060547
8.890993118286133,164,3065377,0.15450286865234375
8.872568130493164,165,3085416,0.15349268913269043
8.86440372467041,166,3104713,0.15343070030212402
8.877707481384277,167,3123876,0.15465545654296875
8.85612964630127,168,3143536,0.1536397933959961
8.854820251464844,169,3163661,0.15331006050109863
8.848246574401855,170,3184112,0.15488266944885254
8.837739944458008,171,3203772,0.1540219783782959
8.838399887084961,172,3222513,0.153367280960083
8.825729370117188,173,3242198,0.15452361106872559
8.797969818115234,174,3262333,0.15322470664978027
8.79433536529541,175,3282343,0.15339112281799316
8.815055847167969,176,3300132,0.1531696319580078
8.846315383911133,177,3303456,0.048183441162109375
8.797234535217285,178,3323537,0.15338492393493652
8.771101951599121,179,3343346,0.15388154983520508
8.747981071472168,180,3365548,0.15489602088928223
8.766449928283691,181,3384988,0.15397143363952637
8.770119667053223,182,3404867,0.15328407287597656
8.743570327758789,183,3425225,0.1536705493927002
8.753067016601562,184,3444696,0.15314602851867676
8.736577987670898,185,3464603,0.15248417854309082
8.721768379211426,186,3484610,0.15404939651489258
8.71871566772461,187,3503637,0.15379738807678223
8.718079566955566,188,3524016,0.1527268886566162
8.701178550720215,189,3544057,0.15416407585144043
8.69019603729248,190,3563299,0.15344619750976562
8.685420989990234,191,3583031,0.15312933921813965
8.696049690246582,192,3602665,0.1546311378479004
8.66739273071289,193,3607656,0.04870295524597168
8.681761741638184,194,3627917,0.15436410903930664
8.648097038269043,195,3648999,0.1538095474243164
8.667919158935547,196,3666789,0.1533658504486084
8.640792846679688,197,3686756,0.1544811725616455
8.627161979675293,198,3707684,0.15303850173950195
8.614057540893555,199,3727743,0.1527845859527588
8.616588592529297,200,3748144,0.15381503105163574
8.611154556274414,201,3768265,0.15347814559936523
8.589662551879883,202,3788997,0.15334486961364746
8.59735107421875,203,3807457,0.1541285514831543
8.603354454040527,204,3825845,0.15372371673583984
8.584513664245605,205,3844781,0.15327692031860352
8.581768989562988,206,3864155,0.15445518493652344
8.58983039855957,207,3883703,0.15338420867919922
8.558669090270996,208,3903502,0.15419769287109375
8.541609764099121,209,3908826,0.048211097717285156
8.550544738769531,210,3928898,0.1536855697631836
8.53705883026123,211,3948457,0.1538405418395996
8.525861740112305,212,3968375,0.15478205680847168
8.514909744262695,213,3988854,0.15414834022521973
8.515101432800293,214,4008404,0.15354108810424805
8.500118255615234,215,4028550,0.15518927574157715
8.504108428955078,216,4048267,0.15369367599487305
8.484172821044922,217,4068742,0.15336942672729492
8.511086463928223,218,4086797,0.15503811836242676
8.481197357177734,219,4106101,0.15520381927490234
8.448322296142578,220,4127695,0.15364527702331543
8.462645530700684,221,4147285,0.1546647548675537
8.441794395446777,222,4167380,0.15437602996826172
8.441794395446777,223,4188011,0.15405559539794922
8.44253921508789,224,4207970,0.15366363525390625
8.40664291381836,225,4213379,0.048093557357788086
8.430448532104492,226,4232333,0.1563105583190918
8.422492027282715,227,4253569,0.15349125862121582
8.409964561462402,228,4273719,0.15443778038024902
8.426350593566895,229,4291761,0.1544184684753418
8.40570068359375,230,4311634,0.1541581153869629
8.37283706665039,231,4332266,0.15414857864379883
8.374894142150879,232,4352711,0.15522336959838867
8.371919631958008,233,4372324,0.15433287620544434
8.383417129516602,234,4392173,0.15381121635437012
8.32754898071289,235,4414426,0.1545548439025879
8.377053260803223,236,4433945,0.15737485885620117
8.328341484069824,237,4455409,0.15412211418151855
8.355443000793457,238,4474826,0.15410542488098145
8.354399681091309,239,4493729,0.1547083854675293
8.326367378234863,240,4512977,0.15373730659484863
8.307891845703125,241,4518450,0.04841971397399902
8.34044361114502,242,4537620,0.15432143211364746
8.302980422973633,243,4557711,0.1535170078277588
8.302810668945312,244,4577047,0.15436267852783203
8.329825401306152,245,4595936,0.15337419509887695
8.27993106842041,246,4615873,0.15476679801940918
8.314766883850098,247,4633900,0.15490961074829102
8.262636184692383,248,4653809,0.15421557426452637
8.268211364746094,249,4674103,0.15481972694396973
8.255720138549805,250,4694494,0.15480589866638184
8.241710662841797,251,4716011,0.15491175651550293
8.267335891723633,252,4735518,0.15348339080810547
8.244420051574707,253,4755240,0.15420818328857422
8.258452415466309,254,4773347,0.15416312217712402
8.215452194213867,255,4792944,0.15495657920837402
8.214350700378418,256,4812824,0.1534574031829834
8.20465087890625,257,4817517,0.04825401306152344
8.214969635009766,258,4837084,0.15488886833190918
8.184192657470703,259,4858273,0.15322494506835938
8.191808700561523,260,4877217,0.1544654369354248
8.213006973266602,261,4896622,0.15492534637451172
8.176539421081543,262,4917909,0.1549687385559082
8.191184997558594,263,4937215,0.15392565727233887
8.16769790649414,264,4957440,0.15417027473449707
8.159417152404785,265,4978210,0.15340399742126465
8.151156425476074,266,4996998,0.1547696590423584
8.141844749450684,267,5016080,0.15513920783996582
8.147661209106445,268,5036028,0.15509390830993652
8.15882396697998,269,5054517,0.1542809009552002
8.145976066589355,270,5073002,0.15335941314697266
8.147286415100098,271,5090922,0.15463018417358398
8.118911743164062,272,5110787,0.1535484790802002
8.083329200744629,273,5115579,0.047933101654052734
8.110589027404785,274,5134461,0.15392398834228516
8.11193561553955,275,5153346,0.15387320518493652
8.108222007751465,276,5171434,0.15098929405212402
8.097228050231934,277,5189828,0.15038347244262695
8.073075294494629,278,5210529,0.15160465240478516
8.09707260131836,279,5229407,0.15059137344360352
8.043787956237793,280,5249945,0.15228843688964844
8.058773040771484,281,5270047,0.15188121795654297
8.04420280456543,282,5289940,0.15105223655700684
8.1000337600708,283,5307400,0.1504378318786621
8.061450958251953,284,5326872,0.15127897262573242
8.004244804382324,285,5348579,0.15072870254516602
7.983993053436279,286,5369542,0.15128850936889648
8.046992301940918,287,5387963,0.1515657901763916
8.027336120605469,288,5408268,0.15053892135620117
8.00980281829834,289,5412912,0.04538869857788086
7.995302677154541,290,5433277,0.15106582641601562
7.993536472320557,291,5453066,0.15068411827087402
7.984954833984375,292,5473197,0.15127348899841309
7.978080749511719,293,5493344,0.15109586715698242
8.008601188659668,294,5512469,0.15253472328186035
7.981431007385254,295,5532635,0.1506044864654541
7.937865734100342,296,5553311,0.15209412574768066
7.967985153198242,297,5572866,0.15149426460266113
7.95886754989624,298,5592306,0.15030884742736816
7.959792137145996,299,5611239,0.15058636665344238
7.9176154136657715,300,5630912,0.15060091018676758
7.91153621673584,301,5650911,0.15091705322265625
7.946683406829834,302,5672193,0.15081548690795898
7.895326137542725,303,5692904,0.15134167671203613
7.900055885314941,304,5712646,0.1515798568725586
7.872740745544434,305,5717629,0.04538226127624512
7.921004295349121,306,5735938,0.15174388885498047
7.8911356925964355,307,5757431,0.15074610710144043
7.9094672203063965,308,5777182,0.1528465747833252
7.877658843994141,309,5798458,0.15143966674804688
7.927316665649414,310,5816669,0.15127897262573242
7.906499862670898,311,5835582,0.15035581588745117
7.8434648513793945,312,5855245,0.15096306800842285
7.8468732833862305,313,5874579,0.15052199363708496
7.88886833190918,314,5893645,0.15079593658447266
7.809805870056152,315,5914739,0.15115022659301758
7.871613502502441,316,5933797,0.15286540985107422
7.819991588592529,317,5953454,0.1522655487060547
7.88561487197876,318,5971664,0.15074634552001953
7.826380252838135,319,5990973,0.15212655067443848
7.8445000648498535,320,6009543,0.15174579620361328
7.817575454711914,321,6014662,0.04569697380065918
7.786649703979492,322,6036030,0.15153241157531738
7.789928436279297,323,6055418,0.15104889869689941
7.783504009246826,324,6076290,0.15189003944396973
7.813754558563232,325,6095198,0.15145063400268555
7.780477046966553,326,6114405,0.15162086486816406
7.799193382263184,327,6133890,0.15036940574645996
7.794611930847168,328,6153241,0.1503462791442871
7.808244228363037,329,6172795,0.15007901191711426
7.757992744445801,330,6192009,0.15096569061279297
7.760232448577881,331,6211614,0.15138816833496094
7.753305435180664,332,6231724,0.15093755722045898
7.752986907958984,333,6251235,0.15150952339172363
7.750463962554932,334,6270356,0.15102148056030273
7.738109588623047,335,6290604,0.15167641639709473
7.731203556060791,336,6310038,0.1511240005493164
7.657029628753662,337,6316362,0.04511594772338867
7.707602024078369,338,6336372,0.15152788162231445
7.69375467300415,339,6356101,0.15200042724609375
7.70906925201416,340,6375502,0.15185070037841797
7.734866142272949,341,6394874,0.1512463092803955
7.705418109893799,342,6413921,0.15122699737548828
7.666788101196289,343,6435432,0.15177583694458008
7.650669574737549,344,6455962,0.15041041374206543
7.672970771789551,345,6475249,0.1526806354522705
7.666203498840332,346,6495024,0.15195727348327637
7.657617092132568,347,6515215,0.1518847942352295
7.682934284210205,348,6533486,0.1508793830871582
7.643782615661621,349,6552677,0.15085768699645996
7.608846187591553,350,6574297,0.15137863159179688
7.675556182861328,351,6593023,0.15120553970336914
7.613048076629639,352,6613415,0.15201544761657715
7.630101203918457,353,6618432,0.04557466506958008
7.618285179138184,354,6638353,0.15124011039733887
7.580698013305664,355,6659501,0.15062308311462402
7.632932662963867,356,6679276,0.15171337127685547
7.604165077209473,357,6699177,0.1518392562866211
7.62867546081543,358,6717918,0.1504678726196289
7.617833137512207,359,6736612,0.15099835395812988
7.615025520324707,360,6756101,0.15094876289367676
7.575793743133545,361,6776350,0.1509549617767334
7.595465660095215,362,6796642,0.1508016586303711
7.5821757316589355,363,6815592,0.15028762817382812
7.550073623657227,364,6835538,0.15044713020324707
7.5830512046813965,365,6855191,0.15059661865234375
7.590914726257324,366,6873745,0.15082836151123047
7.549517631530762,367,6893210,0.15211129188537598
7.573141574859619,368,6913529,0.15123367309570312
7.588200569152832,369,6917519,0.045352935791015625
7.57112979888916,370,6937246,0.15196657180786133
7.50629186630249,371,6957027,0.15115046501159668
7.517830848693848,372,6976601,0.15169596672058105
7.5015668869018555,373,6996946,0.15163969993591309
7.561946868896484,374,7013432,0.15357494354248047
7.494750499725342,375,7034815,0.15401172637939453
7.515968322753906,376,7055300,0.15187573432922363
7.500642776489258,377,7075563,0.15270280838012695
7.535823345184326,378,7094279,0.15244364738464355
7.475053310394287,379,7114616,0.1522221565246582
7.506009578704834,380,7133687,0.1534593105316162
7.462616443634033,381,7152932,0.15387463569641113
7.5221333503723145,382,7172941,0.152848482131958
7.478837490081787,383,7192303,0.15280556678771973
7.4793572425842285,384,7211790,0.15340590476989746
7.408219337463379,385,7216802,0.04760479927062988
7.487516403198242,386,7235712,0.15144944190979004
7.448904991149902,387,7254756,0.15131258964538574
7.4578857421875,388,7275348,0.15215730667114258
7.449319362640381,389,7295026,0.15163898468017578
7.438554286956787,390,7314369,0.15066957473754883
7.398376941680908,391,7335436,0.15065693855285645
7.435688018798828,392,7354522,0.15248346328735352
7.4054388999938965,393,7374265,0.15335822105407715
7.423717498779297,394,7394668,0.15682315826416016
7.389254093170166,395,7414614,0.15634465217590332
7.411464691162109,396,7433192,0.15605950355529785
7.405178070068359,397,7452194,0.1560814380645752
7.349948883056641,398,7472959,0.15581202507019043
7.428133010864258,399,7491369,0.15673351287841797
7.357926845550537,400,7510743,0.15738391876220703
7.311954975128174,401,7515640,0.05185246467590332
7.3365302085876465,402,7536157,0.1556704044342041
7.371356964111328,403,7555773,0.15497088432312012
7.3230085372924805,404,7575672,0.15607070922851562
7.321337699890137,405,7596474,0.15566802024841309
7.374137878417969,406,7615290,0.15633249282836914
7.345925331115723,407,7634375,0.15647077560424805
7.317094802856445,408,7654162,0.1572098731994629
7.311263561248779,409,7674415,0.1581404209136963
7.299193382263184,410,7694111,0.1577165126800537
7.293105125427246,411,7715032,0.15638327598571777
7.333118438720703,412,7733788,0.1563105583190918
7.311659336090088,413,7752078,0.15449023246765137
7.281425952911377,414,7773529,0.15481805801391602
7.290322780609131,415,7793916,0.15424871444702148
7.304374694824219,416,7813666,0.15552139282226562
7.272965431213379,417,7818776,0.05102849006652832
7.28842830657959,418,7839348,0.15387678146362305
7.283316612243652,419,7857647,0.15108394622802734
7.265006065368652,420,7877134,0.1530323028564453
7.237679958343506,421,7897453,0.15288853645324707
7.271867752075195,422,7916552,0.1530008316040039
7.2637104988098145,423,7936077,0.15294408798217773
7.238512992858887,424,7955304,0.15157723426818848
7.268350124359131,425,7973527,0.15273618698120117
7.2184929847717285,426,7992341,0.15253615379333496
7.205328941345215,427,8012470,0.15392756462097168
7.242739200592041,428,8030784,0.15378069877624512
7.215270042419434,429,8051008,0.1530933380126953
7.18784761428833,430,8070451,0.15216779708862305
7.174216270446777,431,8089910,0.15111303329467773
7.186671257019043,432,8110156,0.15089941024780273
7.171875953674316,433,8115165,0.045607566833496094
7.178989410400391,434,8134518,0.15131807327270508
7.185287952423096,435,8153399,0.15152883529663086
7.165560245513916,436,8173510,0.15145301818847656
7.1939239501953125,437,8191536,0.15118193626403809
7.150604248046875,438,8211083,0.15147662162780762
7.167174816131592,439,8230258,0.15103602409362793
7.127772808074951,440,8250597,0.15148639678955078
7.107376575469971,441,8271119,0.15204167366027832
7.099979400634766,442,8291773,0.15127348899841309
7.127790927886963,443,8310890,0.15070128440856934
7.1201324462890625,444,8330797,0.15041542053222656
7.067094326019287,445,8351563,0.1505424976348877
7.115848064422607,446,8370873,0.15043926239013672
7.098402976989746,447,8390222,0.1514451503753662
7.0663981437683105,448,8410330,0.15121984481811523
7.099853992462158,449,8414471,0.04555773735046387
7.074955940246582,450,8433305,0.15301895141601562
7.038802146911621,451,8453421,0.1508786678314209
7.0585222244262695,452,8473956,0.15067148208618164
7.06691312789917,453,8492738,0.15017080307006836
7.007395267486572,454,8513593,0.1503744125366211
7.063812255859375,455,8531869,0.15080046653747559
7.052468299865723,456,8550518,0.15043973922729492
7.040468215942383,457,8570677,0.14994454383850098
6.980592250823975,458,8592518,0.15026140213012695
6.978549480438232,459,8613243,0.15052461624145508
6.966287612915039,460,8633143,0.15071678161621094
6.978662014007568,461,8653910,0.15096020698547363
7.011170387268066,462,8673409,0.15080928802490234
7.03196382522583,463,8692393,0.1513991355895996
6.975638389587402,464,8712761,0.15086817741394043
6.942784786224365,465,8717223,0.04535102844238281
6.966346263885498,466,8737142,0.15118622779846191
6.940329074859619,467,8757929,0.15049147605895996
6.941879749298096,468,8777245,0.15134215354919434
6.98298454284668,469,8795714,0.1509549617767334
6.923431873321533,470,8816566,0.15102314949035645
6.918543338775635,471,8836595,0.15052342414855957
6.944693565368652,472,8855294,0.15114307403564453
6.9257707595825195,473,8874875,0.15030145645141602
6.9112324714660645,474,8894528,0.15182995796203613
6.9031901359558105,475,8914398,0.15126323699951172
6.878623962402344,476,8934616,0.15096116065979004
6.9264302253723145,477,8953361,0.15106439590454102
6.827085971832275,478,8974551,0.15198040008544922
6.879884719848633,479,8994533,0.151580810546875
6.905264854431152,480,9013359,0.1518688201904297
6.892512321472168,481,9017840,0.04606318473815918
6.852433204650879,482,9037547,0.15186214447021484
6.854887008666992,483,9056973,0.15126633644104004
6.817278861999512,484,9077350,0.1504838466644287
6.829915523529053,485,9098637,0.1514568328857422
6.809654712677002,486,9118782,0.15128636360168457
6.8098015785217285,487,9138935,0.1515650749206543
6.8423333168029785,488,9158033,0.15014958381652832
6.8039469718933105,489,9178121,0.152238130569458
6.77169132232666,490,9198999,0.15144968032836914
6.815733432769775,491,9218280,0.15062403678894043
6.771564483642578,492,9237995,0.15131497383117676
6.80591344833374,493,9257140,0.1507575511932373
6.766651153564453,494,9276963,0.15166068077087402
6.774011611938477,495,9296667,0.1497657299041748
6.767334938049316,496,9316691,0.15177035331726074
6.6770524978637695,497,9321663,0.04570960998535156
6.7654128074646,498,9342003,0.15084338188171387
6.700684547424316,499,9362802,0.15099859237670898
6.733495235443115,500,9381755,0.1508944034576416
6.720609188079834,501,9400034,0.15038156509399414
6.742749214172363,502,9419963,0.15189719200134277
6.733578205108643,503,9439491,0.15090656280517578
6.718360900878906,504,9459263,0.15199661254882812
6.6926727294921875,505,9480104,0.15175557136535645
6.640573978424072,506,9500470,0.15062713623046875
6.698425769805908,507,9518959,0.1513051986694336
6.635417938232422,508,9540408,0.15105986595153809
6.637794017791748,509,9560870,0.15201020240783691
6.705013751983643,510,9579461,0.15130043029785156
6.647583484649658,511,9599286,0.15020537376403809
6.6397480964660645,512,9619083,0.15098905563354492
6.605611324310303,513,9624256,0.04549217224121094
6.640069007873535,514,9643635,0.15113353729248047
6.620596885681152,515,9664669,0.15093493461608887
6.583120346069336,516,9684634,0.15072369575500488
6.600872039794922,517,9704708,0.15157604217529297
6.6113739013671875,518,9724444,0.15056633949279785
6.616191387176514,519,9743691,0.15094280242919922
6.578149318695068,520,9762889,0.1506636142730713
6.564952850341797,521,9783313,0.15053915977478027
6.601932525634766,522,9801297,0.15041303634643555
6.580319404602051,523,9821802,0.15059804916381836
6.606311798095703,524,9839539,0.15041327476501465
6.56528377532959,525,9858379,0.15059185028076172
6.540965557098389,526,9878575,0.1504380702972412
6.519680500030518,527,9899494,0.1503772735595703
6.585975170135498,528,9918252,0.15054583549499512
6.442987442016602,529,9923501,0.04551529884338379
6.520227909088135,530,9942352,0.15129637718200684
6.565689563751221,531,9960746,0.15189814567565918
6.525952339172363,532,9980585,0.15108418464660645
6.467069625854492,533,10001308,0.15130949020385742
6.429182052612305,534,10022922,0.1513681411743164
6.474926948547363,535,10042479,0.15196514129638672
6.501796245574951,536,10061819,0.15055537223815918
6.443933486938477,537,10081304,0.15125250816345215
6.443081855773926,538,10101407,0.1505746841430664
6.490025997161865,539,10120419,0.15082168579101562
6.417165756225586,540,10139941,0.15092968940734863
6.4123759269714355,541,10160308,0.15021753311157227
6.425281047821045,542,10178947,0.15023016929626465
6.3921427726745605,543,10199421,0.15033602714538574
6.355209827423096,544,10219957,0.1506516933441162
6.3597412109375,545,10225356,0.04542398452758789
6.377057075500488,546,10245570,0.149949312210083
6.403097152709961,547,10265097,0.15073752403259277
6.376695156097412,548,10284719,0.15134119987487793
6.373069763183594,549,10304480,0.15019822120666504
6.40398645401001,550,10323592,0.15210199356079102
6.327972412109375,551,10343995,0.151167631149292
6.333178520202637,552,10364028,0.15140604972839355
6.367613315582275,553,10384147,0.15042757987976074
6.323522090911865,554,10404248,0.15050649642944336
6.288924217224121,555,10425224,0.15081501007080078
6.385611534118652,556,10443129,0.15019989013671875
6.2695817947387695,557,10463342,0.15006136894226074
6.242885589599609,558,10482741,0.15065407752990723
6.302062034606934,559,10502721,0.15090417861938477
6.25659704208374,560,10523996,0.1502528190612793
6.218480587005615,561,10529497,0.045464277267456055
6.271390914916992,562,10550092,0.15020298957824707
6.25093936920166,563,10569684,0.15142178535461426
6.3336358070373535,564,10587219,0.15050148963928223
6.223818778991699,565,10606760,0.15042996406555176
6.232196807861328,566,10627145,0.1499617099761963
6.22041654586792,567,10646583,0.15094947814941406
6.198328495025635,568,10665787,0.1508808135986328
6.234501838684082,569,10686370,0.15064787864685059
6.183544158935547,570,10706904,0.15109539031982422
6.228739261627197,571,10726741,0.15120863914489746
6.184612274169922,572,10746952,0.15172171592712402
6.1948981285095215,573,10767184,0.15085434913635254
6.188950061798096,574,10787116,0.15157175064086914
6.21435022354126,575,10805568,0.1502668857574463
6.143467903137207,576,10826117,0.1510927677154541
6.1706414222717285,577,10831244,0.04573702812194824
6.186432838439941,578,10850810,0.1507256031036377
6.203667640686035,579,10868916,0.15145206451416016
6.127525806427002,580,10888950,0.15044808387756348
6.155368328094482,581,10908652,0.15088534355163574
6.152641773223877,582,10927765,0.15018343925476074
6.074909687042236,583,10947650,0.1506812572479248
6.072247505187988,584,10967386,0.15024232864379883
6.122194766998291,585,10986120,0.1507859230041504
6.075222969055176,586,11005362,0.1509852409362793
6.105005264282227,587,11025476,0.15122222900390625
6.071846961975098,588,11045005,0.15105795860290527
6.007440567016602,589,11065718,0.15054059028625488
6.0261030197143555,590,11085963,0.15048003196716309
6.048015117645264,591,11105625,0.15030837059020996
6.006669998168945,592,11126337,0.15048646926879883
5.960180282592773,593,11131901,0.04565930366516113
