epoch,updates,auc,ap,val_auc,val_ap
0,0,0.9858550278751839,0.7178087377672419,0.9218724425351803,0.9090495010439539
1,16273,0.9948303483191523,0.6827615501218472,0.9591124167310531,0.9718441677866949
2,32546,0.994733367926204,0.6933334580891896,0.9577090943668999,0.9707672068433991
3,48819,0.9949383955432287,0.6725448319780966,0.9577448087572656,0.9706525085609414
4,65092,0.9946824307414276,0.6446857690670954,0.9571503416610431,0.9698882572934951
5,81365,0.9947396030588838,0.712752423504679,0.9568300552149539,0.9695380762846703
####################
BEST SCORES
####################
VAL:  AUC: 0.9591, AP:  0.9718
TEST: AUC: 0.9948, AP:  0.6828
