epoch,updates,auc,ap,val_auc,val_ap
0,0,0.9649777015608839,0.6318781522529474,0.9104958002748603,0.9047542264164473
1,16273,0.9953786373626696,0.6990636858987118,0.9611841469889237,0.972951440427574
2,32546,0.9958177394114752,0.7402585543650367,0.9589192478105021,0.9716389687433127
3,48819,0.9951649999222019,0.6807552926250623,0.9583304794230494,0.9711917460011368
4,65092,0.9952262090947763,0.6813535118964771,0.958070840795909,0.9709474472518057
5,81365,0.9952586648556037,0.6979112939941744,0.9576983107680256,0.9706145097375711
####################
BEST SCORES
####################
VAL:  AUC: 0.9612, AP:  0.9730
TEST: AUC: 0.9954, AP:  0.6991
