epoch,updates,auc,ap,val_auc,val_ap
0,0,0.9957161762664064,0.7730594998031545,0.8960573075647574,0.865365518421891
1,16273,0.9952355250144842,0.7135534337860014,0.957565459055938,0.9708141415409598
2,32546,0.9947569985092165,0.6591394371825858,0.9572254209951352,0.9704882888309192
3,48819,0.9943915381212522,0.6462703060983451,0.9558219448625775,0.9689495154512251
4,65092,0.9945173580676963,0.6850367218361283,0.9554357969893592,0.9684907333576099
5,81365,0.9945927988937496,0.6898795340339287,0.9550835904567841,0.967968044338128
####################
BEST SCORES
####################
VAL:  AUC: 0.9576, AP:  0.9708
TEST: AUC: 0.9952, AP:  0.7136
