epoch,updates,auc,ap,val_auc,val_ap
0,0,0.9653371713279147,0.6139168453291798,0.9058260135045142,0.9027031627892189
1,16273,0.9955402536125899,0.7446198142277118,0.9614560578210735,0.9731558557062622
2,32546,0.995129774903708,0.7566584976597223,0.9591669746480882,0.9718991595891877
3,48819,0.9949570682362282,0.7125495311416493,0.9590859592834616,0.9716346288509671
4,65092,0.9944177146807446,0.744214424194976,0.9581238078880033,0.9706833716094954
5,81365,0.9944841596253052,0.7071284292224027,0.9581629223177975,0.9706435403000668
####################
BEST SCORES
####################
VAL:  AUC: 0.9615, AP:  0.9732
TEST: AUC: 0.9955, AP:  0.7446
