epoch,updates,auc,ap,val_auc,val_ap
0,0,0.9806519079076511,0.6392380063316202,0.9156815323105875,0.916298125752056
1,16273,0.9947526043099648,0.661372170506861,0.9635819641652398,0.9744537175302069
2,32546,0.9945209848348753,0.7107211303917592,0.9593172294811441,0.9720935773376073
3,48819,0.9945648176535342,0.6692966268561524,0.9590808491830237,0.9718324587837877
4,65092,0.9948146250941315,0.6564810693912759,0.9586617804839488,0.9714795483020119
5,81365,0.9948125384848795,0.700885548196337,0.9584502320389804,0.9712377479511192
####################
BEST SCORES
####################
VAL:  AUC: 0.9636, AP:  0.9745
TEST: AUC: 0.9948, AP:  0.6614
