epoch,updates,auc,ap,val_auc,val_ap
0,0,0.9774104976986474,0.6428960117125908,0.9378301173053459,0.9472178331011095
1,16273,0.9945991034830646,0.6498094823684937,0.9615564298650209,0.973303636443113
2,32546,0.9955170016042707,0.7245077544204099,0.9591178524377741,0.9720447294371971
3,48819,0.9954438794269548,0.7750562188336351,0.9586087755635918,0.9715920848932307
4,65092,0.9947710541375197,0.6649518774571143,0.9584743111556224,0.9713204967597124
5,81365,0.9947537763144656,0.6450644664358968,0.9585256730993429,0.971337081573567
####################
BEST SCORES
####################
VAL:  AUC: 0.9616, AP:  0.9733
TEST: AUC: 0.9946, AP:  0.6498
