epoch,updates,auc,ap,val_auc,val_ap
0,0,0.4999617018354941,0.00016011873064310104,0.5000487836607259,1.0
1,270,0.4987573932324564,0.0001601155093658772,0.4989925489722291,0.978080869242179
2,540,0.6589727757416021,0.0037678622800357245,0.4989601402354772,0.9768858539519625
3,810,0.5294241009532439,0.0002957076059687069,0.4992984945126642,0.9771255516537224
4,1081,0.7588887236399956,0.009177942500414876,0.49918660052097846,0.9762491236529651
5,1351,0.9328697927850026,0.025229275213689242,0.49988469278093545,0.9755023345170624
####################
BEST SCORES
####################
VAL:  AUC: 0.4990, AP:  0.9781
TEST: AUC: 0.4988, AP:  0.0002
