epoch,updates,auc,ap,val_auc,val_ap
0,0,0.5572416330728612,0.000185604099743187,0.39015935703909405,0.40559554377876567
1,271,0.4982757888528926,0.00016008819967749707,0.49806165175852435,0.9683570987955271
2,542,0.9833726453299491,0.025869880337177242,0.4984339584989459,0.968362945309967
3,813,0.9526453784416037,0.022445970416596864,0.4993573988632487,0.9696851499203286
4,1084,0.9836178508571504,0.02773734450105864,0.4997946896663628,0.9702807598571583
5,1355,0.9838991030451173,0.031006120317466745,0.5005235977531144,0.96857304993938
####################
BEST SCORES
####################
VAL:  AUC: 0.4998, AP:  0.9703
TEST: AUC: 0.9836, AP:  0.0277
