epoch,updates,auc,ap,val_auc,val_ap
0,0,0.5893883530585718,0.000391925579212406,0.4869892452685159,0.8584552786336587
1,271,0.49966920704543355,0.00016011778966886107,0.5001301585130296,0.9966795072914026
2,542,0.9321683718487425,0.030924074644137014,0.4990576276998893,0.9769826136679471
3,813,0.8725178914924309,0.01863969582876323,0.49932990159886526,0.9762641979542646
4,1084,0.9831428830120004,0.0351763494103391,0.5022944672724401,0.976398422504992
5,1355,0.9831549636562411,0.03519397531991017,0.49988150061476594,0.9757097835552796
####################
BEST SCORES
####################
VAL:  AUC: 0.5001, AP:  0.9967
TEST: AUC: 0.4997, AP:  0.0002
