epoch,updates,auc,ap,val_auc,val_ap
0,0,0.49971742701421556,0.00016010709277717905,0.49985365007553145,0.9941658403061266
1,271,0.49911199851728555,0.00016011870776854297,0.499675353633203,0.9878242077840805
2,542,0.9033944080821392,0.023293843228359732,0.4990245319810542,0.9773044071391656
3,813,0.9776927464234705,0.037623294179201086,0.49980282133419296,0.9779219929336447
4,1084,0.9850625839885817,0.05579612555357359,0.4991054620666665,0.9772404943816982
5,1355,0.9850185763794375,0.05443793524278289,0.49947933950515355,0.9768414513034
####################
BEST SCORES
####################
VAL:  AUC: 0.4997, AP:  0.9878
TEST: AUC: 0.4991, AP:  0.0002
