epoch,updates,auc,ap,val_auc,val_ap
0,0,0.5,0.0006875955080699472,0.5,0.30751605673090704
1,270,0.4985353432527564,0.00016009866014816276,0.4988300806182518,0.9744674841859906
2,540,0.5828318607102135,0.0011618306211193389,0.49873132443173224,0.9770450901631683
3,810,0.9502267300427949,0.0750352893615642,0.5000169661833804,0.9896268521805096
4,1081,0.5130906079769496,0.0002260555693170114,0.5004392766520152,0.9958047284750233
5,1351,0.7383721907485866,0.017952424490228634,0.500683354669724,0.9949577195583539
####################
BEST SCORES
####################
VAL:  AUC: 0.5004, AP:  0.9958
TEST: AUC: 0.5131, AP:  0.0002
