epoch,updates,auc,ap,val_auc,val_ap
0,0,0.4999992062556579,0.00016011882687346176,0.5,0.30751605673090704
1,270,0.4985258183206513,0.00016009791389561716,0.4987793661094999,0.9733939108461178
2,540,0.49884430823791537,0.0001601143344224555,0.4988303233624983,0.9774618401504762
3,810,0.8951059009407043,0.03768905740215801,0.49957922691159307,0.9817197823237406
4,1081,0.9457905647857762,0.09266818732558485,0.50013058582752,0.9927113456783224
5,1351,0.9834294215553663,0.1191911947261934,0.5007650917874065,0.9917630611201677
####################
BEST SCORES
####################
VAL:  AUC: 0.5001, AP:  0.9927
TEST: AUC: 0.9458, AP:  0.0927
