epoch,updates,auc,ap,val_auc,val_ap
0,0,0.49970968800688015,0.0001601172007399953,0.5003413280264202,0.9932128538972886
1,271,0.4979082852225044,0.00016008957307752034,0.49782004560706405,0.962301174639856
2,542,0.9834387842128594,0.026172462562962826,0.4982389491945748,0.964455471835216
3,813,0.9715265963880906,0.020862572753913067,0.498710584342158,0.9651992576502397
4,1084,0.9833963157264285,0.025820330802527942,0.5003276201160302,0.9656284410891914
5,1355,0.9834953000756678,0.026762517264123674,0.4995049117389112,0.9687729860085111
####################
BEST SCORES
####################
VAL:  AUC: 0.4995, AP:  0.9688
TEST: AUC: 0.9835, AP:  0.0268
