epoch,updates,auc,ap,val_auc,val_ap
0,0,0.27743205887858463,0.015939908587962036,0.4209335946697761,0.4611753571403929
1,16273,0.9932515454797576,0.7793113750521842,0.992858240472898,0.9942457372627677
2,32546,0.9949137752170218,0.7944514884213598,0.993162849898467,0.9944734116877945
3,48819,0.9916491932101948,0.7626821448319006,0.9932061611528188,0.9945039502617049
4,65092,0.9927850208094452,0.6843495460776123,0.9933322804011955,0.994592043373315
5,81365,0.9955141752790814,0.7624244713885037,0.9933149675994486,0.9945775066571851
####################
BEST SCORES
####################
VAL:  AUC: 0.9933, AP:  0.9946
TEST: AUC: 0.9928, AP:  0.6843
