epoch,updates,auc,ap,val_auc,val_ap
0,0,0.5603109995832695,0.03224479728095826,0.5668430574543202,0.5602658100800588
1,16273,0.9915321131867333,0.5510622554523852,0.9901158256261763,0.9919180661454038
2,32546,0.9949928021229676,0.8338221308054881,0.9902953326069741,0.9920547575603653
3,48819,0.9912285795420883,0.6140818764048018,0.990261609847242,0.992022721238722
4,65092,0.990430344116987,0.5388128180839091,0.9903798503424361,0.9921189502168962
5,81365,0.991552700565797,0.6414620852409825,0.990357567963688,0.9920971457420118
####################
BEST SCORES
####################
VAL:  AUC: 0.9904, AP:  0.9921
TEST: AUC: 0.9904, AP:  0.5388
