epoch,updates,auc,ap,val_auc,val_ap
0,0,0.32272916484434,0.017842501199528925,0.617693214489285,0.5498320879895967
1,16273,0.9937628628616455,0.7640323374479435,0.9937132053764656,0.9949488766545516
2,32546,0.9947682892867187,0.7940956611651849,0.9940248673479928,0.9951873135269219
3,48819,0.996217683633041,0.8394014718348866,0.9941944007464484,0.9953135640709372
4,65092,0.9946877681207662,0.7100585194484169,0.9942695982690654,0.9953656284355539
5,81365,0.993812392953661,0.6502399865167738,0.9944225953037283,0.9954772091431286
####################
BEST SCORES
####################
VAL:  AUC: 0.9944, AP:  0.9955
TEST: AUC: 0.9938, AP:  0.6502
