epoch,updates,auc,ap,val_auc,val_ap
0,0,0.5741231212658098,0.028630285117493475,0.28765518427542236,0.370606802431856
1,16273,0.9934634521584352,0.791064100341978,0.9925425126397717,0.9939677873299523
2,32546,0.9860750899435489,0.6307934064986106,0.9927170735925923,0.9940916195220733
3,48819,0.9951858333928317,0.8347584099239781,0.9927886343505706,0.9941438780589693
4,65092,0.9953340117239581,0.7924452901997562,0.9928596095247046,0.9941962679625357
5,81365,0.995183010449011,0.7754229053864568,0.9929309995070796,0.9942446725712007
####################
BEST SCORES
####################
VAL:  AUC: 0.9929, AP:  0.9942
TEST: AUC: 0.9952, AP:  0.7754
