epoch,updates,auc,ap,val_auc,val_ap
0,0,0.7049933340499293,0.039731066446710914,0.33037434884143424,0.39032191415417744
1,16273,0.9925122188711424,0.660137588780441,0.9929427330054653,0.9943040259766497
2,32546,0.9957331650378847,0.8346517448605958,0.9931769536667323,0.9944817017163986
3,48819,0.994884050410162,0.7657825030831346,0.9933040705760253,0.9945670254518565
4,65092,0.9957392666896564,0.7897461388503493,0.9933561457080493,0.9946077358817846
5,81365,0.9929071837781226,0.6211236670134338,0.9933903842007862,0.9946249568414439
####################
BEST SCORES
####################
VAL:  AUC: 0.9934, AP:  0.9946
TEST: AUC: 0.9929, AP:  0.6211
