epoch,updates,auc,ap,val_auc,val_ap
0,0,0.30051079567552846,0.017738198441712944,0.6277648310652721,0.5706183634162393
1,16273,0.9932309890319009,0.7352146731121217,0.9935334443171403,0.9947927437314296
2,32546,0.995534855562631,0.8040835194793343,0.993737428566408,0.9949330994038468
3,48819,0.9947806320855715,0.7223976976930194,0.9938734596811607,0.9950325866050926
4,65092,0.9962399434591459,0.7771082814366187,0.9939691702718435,0.9951102382707917
5,81365,0.9968407131158707,0.8361411424139263,0.9940068396359565,0.9951369386336599
####################
BEST SCORES
####################
VAL:  AUC: 0.9940, AP:  0.9951
TEST: AUC: 0.9968, AP:  0.8361
