epoch,updates,auc,ap,val_auc,val_ap
0,0,0.5122066524563926,0.024307645414976837,0.5058954156768004,0.5068831889875887
1,16273,0.98628163427065,0.5958344180837818,0.993772458009417,0.9949775299992444
2,32546,0.9971478325078142,0.8768204643097114,0.9940900095430946,0.995235378473897
3,48819,0.9959239914060308,0.7857456013121925,0.994271100576846,0.9953635579007276
4,65092,0.9971841171973121,0.8782419529063132,0.994296895198458,0.9953842349870714
5,81365,0.995542932903681,0.7989804504086185,0.9943286881635628,0.995409844083119
####################
BEST SCORES
####################
VAL:  AUC: 0.9943, AP:  0.9954
TEST: AUC: 0.9955, AP:  0.7990
