epoch,updates,auc,ap,val_auc,val_ap
0,0,0.7396538858969252,0.04664918993947665,0.23662594207938487,0.35667990399507665
1,16273,0.9909993278564444,0.6664850448267228,0.9937857240379951,0.9949999669908014
2,32546,0.9963221663403785,0.844547602077193,0.994136446857932,0.995275762069755
3,48819,0.9955022591701327,0.7717822322135044,0.9942660852692045,0.9953686580357141
4,65092,0.9978342213810012,0.890181193360348,0.9943757100263695,0.9954424997590995
5,81365,0.9975372867818936,0.8670889155942818,0.9943864511015579,0.9954539050972965
####################
BEST SCORES
####################
VAL:  AUC: 0.9944, AP:  0.9955
TEST: AUC: 0.9975, AP:  0.8671
