epoch,updates,auc,ap,val_auc,val_ap
0,0,0.7742857938940573,0.0629615882248552,0.6464292011125632,0.6705315806280584
1,16273,0.9939199127951135,0.7588059325889713,0.9936377061160159,0.9948923590769749
2,32546,0.9969416239894094,0.8567982280316494,0.9940228923616663,0.99518140828768
3,48819,0.9963059091085775,0.8306592183925866,0.9941873944343366,0.9953015532041413
4,65092,0.9952451826741414,0.7564310705077677,0.9942760867387906,0.9953696643856866
5,81365,0.9964026221239677,0.8380896962747193,0.9943654686412466,0.9954408141615271
####################
BEST SCORES
####################
VAL:  AUC: 0.9944, AP:  0.9954
TEST: AUC: 0.9964, AP:  0.8381
