epoch,updates,auc,ap,val_auc,val_ap
0,0,0.7621065370359393,0.14324190528446468,0.7764296396131969,0.797699489907197
1,16273,0.9910610238352205,0.5324387698964435,0.9929868644173374,0.9943414250585633
2,32546,0.9740677972099279,0.3013278584323088,0.9931313661962409,0.9944431726882506
3,48819,0.9929885413338925,0.8079507865349546,0.9932960525336467,0.9945678018022196
4,65092,0.993177359196856,0.6669406297822406,0.9932925257950926,0.9945574142963655
5,81365,0.993359330038019,0.7043189476501349,0.9934116171322936,0.9946486311922459
####################
BEST SCORES
####################
VAL:  AUC: 0.9934, AP:  0.9946
TEST: AUC: 0.9934, AP:  0.7043
