epoch,updates,auc,ap,val_auc,val_ap
0,0,0.7333409508932613,0.059764516569970595,0.3745814714893448,0.40096002525551533
1,16273,0.9908447987609215,0.5508917416181304,0.9936934872377923,0.9949327272704287
2,32546,0.9882153739308502,0.6277791539902494,0.993984522126568,0.9951530100734919
3,48819,0.9947359780932535,0.7608534730226094,0.9941825812139693,0.9953020691107872
4,65092,0.9942768065136576,0.7293287613326925,0.9942458598738505,0.9953447038144266
5,81365,0.9935355169374702,0.6399025188111805,0.9943012163982041,0.995386994994093
####################
BEST SCORES
####################
VAL:  AUC: 0.9943, AP:  0.9954
TEST: AUC: 0.9935, AP:  0.6399
