epoch,updates,auc,ap,val_auc,val_ap
0,0,0.1875386515365948,0.014400564009194414,0.32039595240021607,0.4340744806736269
1,16273,0.9924018000050775,0.6081345122762873,0.9934078532691735,0.9947048470754766
2,32546,0.9983219408572004,0.9286388747217091,0.99374445040498,0.9949462182736736
3,48819,0.9976563168572082,0.9026129107465946,0.9938072892227735,0.9949924763539733
4,65092,0.9982450317965913,0.9068420159598347,0.993894051401797,0.9950534907488137
5,81365,0.9985733347416708,0.9327578264929658,0.9939930332890367,0.9951300015235619
####################
BEST SCORES
####################
VAL:  AUC: 0.9940, AP:  0.9951
TEST: AUC: 0.9986, AP:  0.9328
