epoch,updates,auc,ap,val_auc,val_ap
0,0,0.772373197709461,0.07812937894990357,0.3487893584870821,0.3951120905352385
1,16273,0.9922355672447837,0.8074114271644002,0.9932758781677661,0.9945916048583022
2,32546,0.994340344894817,0.7766229365498779,0.9935171700655239,0.9947486435959523
3,48819,0.9945446135054744,0.7858210796507493,0.9936171239562953,0.9948360412466384
4,65092,0.9941725100310337,0.7602605582238959,0.9936737487843245,0.994875203766847
5,81365,0.9951603228520726,0.8123139830868074,0.9937269151371333,0.9949123420533386
####################
BEST SCORES
####################
VAL:  AUC: 0.9937, AP:  0.9949
TEST: AUC: 0.9952, AP:  0.8123
