epoch,updates,auc,ap,val_auc,val_ap
0,0,0.5965804111158219,0.02972852321663717,0.5640941918297597,0.519385147281912
1,16273,0.9901618224646195,0.5136345381849233,0.9932869221323268,0.9945911163588957
2,32546,0.993645581203299,0.7134494318691376,0.9935844940238154,0.9948076889246152
3,48819,0.991631405077656,0.5896373532001875,0.9937107299917928,0.9949040652483747
4,65092,0.991472300269911,0.611108122833047,0.9936965007557255,0.994896787232064
5,81365,0.9931206397333358,0.6908227927672418,0.993785593329411,0.9949539043483293
####################
BEST SCORES
####################
VAL:  AUC: 0.9938, AP:  0.9950
TEST: AUC: 0.9931, AP:  0.6908
