epoch,updates,auc,ap,val_auc,val_ap
0,0,0.4439286736493214,0.02193019558294923,0.4228757904955261,0.43475959141792797
1,16273,0.9929727900601427,0.6156454794168486,0.9935597926915299,0.9948233316791589
2,32546,0.9967136502670517,0.8641960691873692,0.9939275022146637,0.9950960581196316
3,48819,0.9945783649124823,0.7500565966813669,0.9941034504477494,0.9952295321935098
4,65092,0.9930979470643446,0.6759983575373145,0.994142764890296,0.9952622650907731
5,81365,0.9921721693012822,0.6033081859201875,0.9942091996090388,0.9953092009190182
####################
BEST SCORES
####################
VAL:  AUC: 0.9942, AP:  0.9953
TEST: AUC: 0.9922, AP:  0.6033
