epoch,updates,auc,ap,val_auc,val_ap
0,0,0.7368611930184134,0.05841752570089799,0.4870370313167463,0.49804924477796886
1,16273,0.9903054256655623,0.5364571322516071,0.9934973259621143,0.9947815419448844
2,32546,0.9936979541670367,0.6857150195068606,0.9938454021328629,0.9950477697859238
3,48819,0.9958882304683433,0.8147998901025014,0.9940383894409391,0.9951736117088269
4,65092,0.994832045877012,0.7740667206385504,0.9941539306406488,0.9952613135818431
5,81365,0.9954894692545839,0.7876620437284978,0.9942145078533654,0.9953125063218832
####################
BEST SCORES
####################
VAL:  AUC: 0.9942, AP:  0.9953
TEST: AUC: 0.9955, AP:  0.7877
