epoch,updates,auc,ap,val_auc,val_ap
0,0,0.31702156082494887,0.017027268719841,0.6056111139503606,0.5118757686992884
1,16273,0.9927003929991456,0.5941325059627054,0.9934260318475006,0.9947034139344263
2,32546,0.9939307478362016,0.699593023696414,0.9936768698773639,0.9948962976734378
3,48819,0.9962838891656243,0.8379338549359501,0.9938864075271312,0.9950561968522342
4,65092,0.9942881604008,0.7005571415252608,0.9939577946279585,0.9950976953465765
5,81365,0.9940683613585598,0.7163443113609879,0.9940008316360119,0.9951392506826134
####################
BEST SCORES
####################
VAL:  AUC: 0.9940, AP:  0.9951
TEST: AUC: 0.9941, AP:  0.7163
