epoch,updates,auc,ap,val_auc,val_ap
0,0,0.8062636213136902,0.10400148978955132,0.7885578972618252,0.7711138424755383
1,16273,0.9991043316328919,0.9051924556789527,0.9929594539862376,0.9943197069263193
2,32546,0.9847394907597551,0.5997806079620749,0.9931850350025189,0.9944804096510157
3,48819,0.9952806338563,0.744486397337175,0.9932799067819044,0.9945515186765932
4,65092,0.9949636050036093,0.6947596974110273,0.99334290213136,0.9945919825168018
5,81365,0.9944042556422554,0.6782311032242617,0.9933025964110299,0.9945668474942008
####################
BEST SCORES
####################
VAL:  AUC: 0.9933, AP:  0.9946
TEST: AUC: 0.9950, AP:  0.6948
