epoch,updates,auc,ap,val_auc,val_ap
0,0,0.6133988227903647,0.032733387078782206,0.7245280007970987,0.6651395784363252
1,16273,0.9879606650025754,0.7089475479881974,0.9935052391431989,0.9947895673777117
2,32546,0.9881930965604316,0.5222541379363653,0.9938883322784665,0.9950588544905773
3,48819,0.9957207597668627,0.7785032984350575,0.9940688085276886,0.995192208504495
4,65092,0.9954874629944083,0.7623059510548901,0.9940806001953857,0.9952080321159218
5,81365,0.9958871303317817,0.782829373795742,0.9941486035158837,0.9952529425227891
####################
BEST SCORES
####################
VAL:  AUC: 0.9941, AP:  0.9953
TEST: AUC: 0.9959, AP:  0.7828
