epoch,updates,auc,ap,val_auc,val_ap
0,0,0.799808756082731,0.11973871248136542,0.5239936834192197,0.5031631069487623
1,16273,0.9964571579163296,0.8797435596561943,0.9937124338079417,0.9949544159791399
2,32546,0.9918132070998384,0.5680551363235086,0.994077097046258,0.9952186914179092
3,48819,0.993225732888555,0.6455385557392037,0.9942677655522277,0.9953622990997611
4,65092,0.9915602360009682,0.5539028508883118,0.9943460349658513,0.9954254182180887
5,81365,0.9917860954256545,0.5558796047022097,0.9943967074523217,0.9954664958872607
####################
BEST SCORES
####################
VAL:  AUC: 0.9944, AP:  0.9955
TEST: AUC: 0.9918, AP:  0.5559
