epoch,updates,auc,ap,val_auc,val_ap
0,0,0.8256896057796992,0.107369067292214,0.44413881810098305,0.4552956435501375
1,16273,0.9921353058157292,0.5674066923596056,0.9923529004078719,0.9938309220258467
2,32546,0.9957460307016315,0.8795549791674558,0.9927362862254504,0.9941045646700826
3,48819,0.9958093254025286,0.8545471296503606,0.9928297398487205,0.9941706675599129
4,65092,0.9944354288943502,0.6831489621439977,0.9927894751170789,0.9941441133155021
5,81365,0.9938152713574687,0.6837852460396929,0.9928639098701317,0.9942028240416503
####################
BEST SCORES
####################
VAL:  AUC: 0.9929, AP:  0.9942
TEST: AUC: 0.9938, AP:  0.6838
