epoch,updates,auc,ap,val_auc,val_ap
0,0,0.8036751491246376,0.13917270955776526,0.7526530823253379,0.7737250791294921
1,16273,0.997799287409645,0.8901808408705683,0.9932548761961856,0.9945704238246098
2,32546,0.995292544311157,0.7972917241868807,0.9935434792968973,0.9947748825811927
3,48819,0.9960290570945599,0.8327770864573062,0.9936144828802969,0.9948249319361534
4,65092,0.9964116701117949,0.8295718434593674,0.993697713105655,0.994883865352705
5,81365,0.9965584362781075,0.8410220579835682,0.9937261379529754,0.9949128244557129
####################
BEST SCORES
####################
VAL:  AUC: 0.9937, AP:  0.9949
TEST: AUC: 0.9966, AP:  0.8410
