epoch,updates,auc,ap,val_auc,val_ap
0,0,0.08633706977311228,0.013244802024469031,0.325447765595849,0.39862257978612353
1,16273,0.9958858904227492,0.7212166252584735,0.9923743634877589,0.9938447484116674
2,32546,0.9969281337148357,0.8075918026079681,0.992615406359616,0.9940218038021696
3,48819,0.995108218097377,0.7687834257046747,0.9927676369798982,0.9941347219405055
4,65092,0.995165848728848,0.7725466054941551,0.9928358780311436,0.9941784350106501
5,81365,0.9949009457228317,0.7678327487556486,0.9928156367219335,0.9941694910714959
####################
BEST SCORES
####################
VAL:  AUC: 0.9928, AP:  0.9942
TEST: AUC: 0.9952, AP:  0.7725
