epoch,updates,auc,ap,val_auc,val_ap
0,0,0.5261893366584637,0.0270199807673512,0.3333506807295995,0.3851302182367574
1,16273,0.9907434650500213,0.5285744324424224,0.9900436702954881,0.9918680294441617
2,32546,0.9945809864708635,0.7516417167779174,0.9902453087312757,0.9920235171499728
3,48819,0.9944459953938027,0.7089113302637048,0.9902753786376306,0.9920399206817798
4,65092,0.9932613869805407,0.6485929291719876,0.9903544281468604,0.9920990879280184
5,81365,0.9921578351258183,0.6109507416598984,0.9903433454615391,0.9920902890174437
####################
BEST SCORES
####################
VAL:  AUC: 0.9904, AP:  0.9921
TEST: AUC: 0.9933, AP:  0.6486
