epoch,updates,auc,ap,val_auc,val_ap
0,0,0.36067932609125025,0.018858617454296202,0.45454913175057216,0.43038785327878
1,16273,0.9959399495252989,0.7751154838365685,0.9899711020369453,0.9918190763344803
2,32546,0.9955195797314677,0.7549400772640903,0.990192816175214,0.9919754830836772
3,48819,0.9932716689461474,0.6277379754527134,0.9903031094289807,0.9920545417341731
4,65092,0.9941407618077104,0.6685933188540286,0.9903840440240705,0.9921265044470788
5,81365,0.9933959055252093,0.6182819222941724,0.9903433504073986,0.9920857237854406
####################
BEST SCORES
####################
VAL:  AUC: 0.9904, AP:  0.9921
TEST: AUC: 0.9941, AP:  0.6686
