epoch,updates,auc,ap,val_auc,val_ap
0,0,0.6395008625746917,0.040918371293794754,0.8087689501933037,0.8177662899522671
1,16273,0.9955995853495859,0.7433842824932021,0.9901594111329522,0.991958050397988
2,32546,0.9932264438628599,0.6175311983859344,0.9902721913023955,0.9920336056969139
3,48819,0.9926290978971901,0.6901127269578194,0.9903375033108832,0.9920903657330506
4,65092,0.9911551618830532,0.5491584414088115,0.9903120749266018,0.9920646677487148
5,81365,0.9931292562640835,0.6949318345021099,0.9903703095504411,0.9921090263661746
####################
BEST SCORES
####################
VAL:  AUC: 0.9904, AP:  0.9921
TEST: AUC: 0.9931, AP:  0.6949
