epoch,updates,auc,ap,val_auc,val_ap
0,0,0.59527394383532,0.034713297810342866,0.7030011003351037,0.6634022054234021
1,16273,0.9937872513978122,0.618481682755658,0.9900547286969587,0.9918805358910106
2,32546,0.9959932771158874,0.7134982642573721,0.9902687274564348,0.9920299360505098
3,48819,0.9957810058591648,0.8030960193584996,0.9903285725540271,0.9920732111314889
4,65092,0.9946249663236205,0.7485821960779714,0.9904242702155223,0.9921567007886081
5,81365,0.9924968220590481,0.596870226170154,0.9903980708740031,0.9921412927788457
####################
BEST SCORES
####################
VAL:  AUC: 0.9904, AP:  0.9922
TEST: AUC: 0.9946, AP:  0.7486
