epoch,updates,auc,ap,val_auc,val_ap
0,0,0.8272525302114312,0.11162178619694904,0.4819119536309996,0.4470343210931785
1,16273,0.9950808530422834,0.755042309267524,0.9899774324516796,0.99181852399822
2,32546,0.9932996154026128,0.6462704993864933,0.9902243256709093,0.9919992509224866
3,48819,0.9952371059705625,0.7805741112322315,0.9902860321168906,0.9920398776911901
4,65092,0.992254790435664,0.6116272943558261,0.9903781242739305,0.9921170458272034
5,81365,0.9942530152602084,0.7029593291802855,0.9902897376722813,0.9920482254993128
####################
BEST SCORES
####################
VAL:  AUC: 0.9904, AP:  0.9921
TEST: AUC: 0.9923, AP:  0.6116
