epoch,updates,auc,ap,val_auc,val_ap
0,0,0.5059093978286041,0.024449736803128903,0.45553441839769615,0.45673302628850704
1,16273,0.9947318761329333,0.6943998018187,0.9900568292845463,0.9918813400669546
2,32546,0.9951294999042128,0.805345229211697,0.9902846063763654,0.9920437434484659
3,48819,0.9900120207994438,0.534158079505525,0.9902878507125985,0.9920470003873127
4,65092,0.9933159466919276,0.6304055583166341,0.9902912259439667,0.9920506627234341
5,81365,0.9920774882666412,0.5914848555918674,0.9904082814929598,0.992132636647108
####################
BEST SCORES
####################
VAL:  AUC: 0.9904, AP:  0.9921
TEST: AUC: 0.9921, AP:  0.5915
