epoch,updates,auc,ap,val_auc,val_ap
0,0,0.7606391431661137,0.07674321747523272,0.6030321827430456,0.5656620270120352
1,16273,0.9935731218296446,0.6078761916379087,0.9900659585003418,0.9918906070279458
2,32546,0.9932315138092082,0.6633607583423757,0.9901926952353917,0.9919777006779384
3,48819,0.9934868439115091,0.6387046856300793,0.9903422155075957,0.9920919392946703
4,65092,0.9896098548801822,0.5090872260203517,0.9903047047066389,0.9920621014098342
5,81365,0.9894859411663811,0.5184034287653648,0.9903714966227973,0.9921118579517667
####################
BEST SCORES
####################
VAL:  AUC: 0.9904, AP:  0.9921
TEST: AUC: 0.9895, AP:  0.5184
