epoch,updates,auc,ap,val_auc,val_ap
0,0,0.3848242112916139,0.019379426933760522,0.6652772415526169,0.6538628852883004
1,16273,0.9961636335936677,0.8498642090891054,0.990100017083191,0.9919214470106915
2,32546,0.9957031996826858,0.7407381783175907,0.9903516488089356,0.9920916340624034
3,48819,0.9933094018314349,0.6252650885542664,0.9902777380264443,0.9920428477243874
4,65092,0.9939056563356933,0.664575522244484,0.9903242034499363,0.9920796445502008
5,81365,0.9934847509829782,0.6815065710212865,0.9903453324243164,0.9920862961769596
####################
BEST SCORES
####################
VAL:  AUC: 0.9904, AP:  0.9921
TEST: AUC: 0.9957, AP:  0.7407
