epoch,updates,auc,ap,val_auc,val_ap
0,0,0.5914299300206296,0.03379652048529642,0.3371199838555247,0.39726814108756425
1,16273,0.9938609455252978,0.728153610231741,0.9900846283034953,0.9919000325174637
2,32546,0.9956111838593392,0.8002365264844377,0.9901808304401811,0.9919734058231624
3,48819,0.9912239961802127,0.560420268869583,0.9902323990992132,0.9920142208362686
4,65092,0.9926719830457482,0.6760852926937617,0.9903486131831898,0.9920891312950835
5,81365,0.992365098354039,0.636268232261234,0.990375501517405,0.9921138806354377
####################
BEST SCORES
####################
VAL:  AUC: 0.9904, AP:  0.9921
TEST: AUC: 0.9924, AP:  0.6363
