epoch,updates,auc,ap,val_auc,val_ap
0,0,0.3927121297680687,0.019568885623993566,0.5036846927992298,0.44987332077815084
1,16273,0.9914059863949545,0.546400557368941,0.9900165333835903,0.991860921010692
2,32546,0.9947772718090342,0.6857295904097573,0.9902364506535691,0.9920115107512024
3,48819,0.99422376614538,0.6788668182169193,0.9903281437541771,0.9920705568102484
4,65092,0.9940253471359592,0.6939797664163715,0.9903461325765506,0.9920846870765399
5,81365,0.9934026629407442,0.6491592186723535,0.9903662089108837,0.9921000374310125
####################
BEST SCORES
####################
VAL:  AUC: 0.9904, AP:  0.9921
TEST: AUC: 0.9934, AP:  0.6492
