epoch,updates,auc,ap,val_auc,val_ap
0,0,0.4940252210552594,0.03227546771555117,0.4832403672210877,0.4603916722080448
1,16273,0.9942292097883817,0.6427369639357028,0.9899943648268509,0.9918409123337348
2,32546,0.9877510230647519,0.45998871830462285,0.9902153861518496,0.9919792904982321
3,48819,0.9933797125671262,0.6369314375589943,0.9902338856454121,0.9920074421988305
4,65092,0.9899576105611751,0.5104843720316793,0.9902983452903145,0.9920602555472579
5,81365,0.9897769275779587,0.5051552034511083,0.9903759875482693,0.9921096963732471
####################
BEST SCORES
####################
VAL:  AUC: 0.9904, AP:  0.9921
TEST: AUC: 0.9898, AP:  0.5052
