epoch,updates,auc,ap,val_auc,val_ap
0,0,0.5239269640648762,0.03449148678991782,0.8579385383258594,0.8965065777765142
1,16273,0.9948231562868985,0.6929257217287034,0.9899675170631527,0.9918139956840468
2,32546,0.9965863690150859,0.8359692985684853,0.9902198009630976,0.9919964304333473
3,48819,0.9931436148020303,0.6371991363983152,0.9902137439182078,0.9920003192689496
4,65092,0.9888850386385034,0.49389000445986564,0.9902938477257309,0.9920519972672145
5,81365,0.9883435963673413,0.4723395478233632,0.9903448211733462,0.9920873603067862
####################
BEST SCORES
####################
VAL:  AUC: 0.9903, AP:  0.9921
TEST: AUC: 0.9883, AP:  0.4723
