epoch,updates,auc,ap,val_auc,val_ap
0,0,0.4292094838700427,0.02459227776704951,0.4794366331141357,0.45662637873029693
1,16273,0.9961722202187053,0.8479277912374873,0.9900889988671754,0.9919159686137178
2,32546,0.9927405513788726,0.6653412423331309,0.9902328295730621,0.992013916724182
3,48819,0.9934116216548993,0.7507192512751266,0.9902988764896867,0.9920556482472759
4,65092,0.9955693078552704,0.7345175731277808,0.990353246683429,0.9920966908262548
5,81365,0.9940080667907368,0.6903371430697869,0.9903120797718201,0.9920602239219916
####################
BEST SCORES
####################
VAL:  AUC: 0.9904, AP:  0.9921
TEST: AUC: 0.9956, AP:  0.7345
