epoch,updates,auc,ap,val_auc,val_ap
0,0,0.38859042031563207,0.019182436652699437,0.7922906616405001,0.7874580289160935
1,16273,0.9961736606816933,0.7677083613796108,0.9900489335416677,0.9918917286714835
2,32546,0.9954253670163663,0.7688015340855535,0.9902882596460179,0.9920477783381354
3,48819,0.9920725761914001,0.6009790600100988,0.9902346636549739,0.9920041968680331
4,65092,0.9920812479604056,0.657255463212399,0.9902954679093193,0.9920512035317697
5,81365,0.9896790714382808,0.5838034781950611,0.9903701123547678,0.9921043690124434
####################
BEST SCORES
####################
VAL:  AUC: 0.9904, AP:  0.9921
TEST: AUC: 0.9897, AP:  0.5838
