epoch,updates,auc,ap,val_auc,val_ap
0,0,0.6075469430380057,0.03953792048228931,0.690491233315479,0.6233154514911409
1,16273,0.9925377312965987,0.6005596781897293,0.9900574151388094,0.991881319576266
2,32546,0.9942887204053154,0.7084580025199343,0.990261612027656,0.9920242390394194
3,48819,0.9911836579227671,0.5628634323101114,0.9903163110772257,0.9920719785008414
4,65092,0.9933853691531961,0.6534838853197298,0.990294095481802,0.9920535083178488
5,81365,0.9924636988936808,0.6075004347308156,0.9903559872679213,0.9920952451888374
####################
BEST SCORES
####################
VAL:  AUC: 0.9904, AP:  0.9921
TEST: AUC: 0.9925, AP:  0.6075
