epoch,updates,auc,ap,val_auc,val_ap
0,0,0.6146188781175004,0.04807243650105434,0.4821226711794461,0.4530460422961126
1,16273,0.9960789629342228,0.8429710386531172,0.989978627411536,0.9918158817573068
2,32546,0.9927565213883628,0.6055969290750555,0.9901376234060826,0.991934965055129
3,48819,0.9884771018595456,0.603050096988316,0.990262617419568,0.9920268513007131
4,65092,0.9904418436247048,0.5258811389951679,0.9903051578504327,0.9920609582831122
5,81365,0.9898911064149493,0.5186153955946127,0.9903179262237941,0.9920714220570002
####################
BEST SCORES
####################
VAL:  AUC: 0.9903, AP:  0.9921
TEST: AUC: 0.9899, AP:  0.5186
