epoch,updates,auc,ap,val_auc,val_ap
0,0,0.6130817837381362,0.04524126079616559,0.8885015514236213,0.9115029150251579
1,16273,0.993371703962092,0.6867286853712141,0.9900331285418367,0.991851675800554
2,32546,0.9941834215132233,0.6721596524938003,0.9902702951366666,0.992034733400898
3,48819,0.9925419363332264,0.6028848436236206,0.9902807272740913,0.9920354334811565
4,65092,0.992792121766478,0.6607877499344705,0.9903681885386664,0.9921164020045596
5,81365,0.9928175585268848,0.6677930643956189,0.9904427787225999,0.9921588050510208
####################
BEST SCORES
####################
VAL:  AUC: 0.9904, AP:  0.9922
TEST: AUC: 0.9928, AP:  0.6678
