epoch,updates,auc,ap,val_auc,val_ap
0,0,0.6187385617976021,0.0402061432421343,0.7658758462727028,0.7418226247891653
1,16273,0.993504036313434,0.6099296554611544,0.9900538034344175,0.9918810747150792
2,32546,0.9958884535555169,0.7594574595537258,0.9902146947665179,0.9919918535031935
3,48819,0.9926759251671157,0.637724440056703,0.9903008469319893,0.9920603260132083
4,65092,0.9917084436834819,0.6005825005774362,0.9902986673128951,0.9920566084498806
5,81365,0.9905034390216256,0.5359117884216631,0.9903961490170508,0.9921310853209546
####################
BEST SCORES
####################
VAL:  AUC: 0.9904, AP:  0.9921
TEST: AUC: 0.9905, AP:  0.5359
