epoch,updates,auc,ap,val_auc,val_ap
0,0,0.42543178487265737,0.021456007028338313,0.6201927952832553,0.5571061896970378
1,16273,0.9955247405590238,0.7303570653828867,0.990023442458345,0.9918446049958931
2,32546,0.9968832386198561,0.8540938932314199,0.9902129948158669,0.9919824410227706
3,48819,0.9947214125434916,0.6876046585603143,0.9902642695072977,0.9920288539928507
4,65092,0.995397734445134,0.7543483054195367,0.990314977847275,0.992067979027645
5,81365,0.9947996487358111,0.7446154199788985,0.9903550692387124,0.9920862177854444
####################
BEST SCORES
####################
VAL:  AUC: 0.9904, AP:  0.9921
TEST: AUC: 0.9948, AP:  0.7446
