epoch,updates,auc,ap,val_auc,val_ap
0,0,0.67420171390426,0.06431229838477726,0.5610362719239156,0.49672808937502705
1,16273,0.9943658900807454,0.7587368011342026,0.9900593317072846,0.9918934503446019
2,32546,0.9930954513649343,0.6731833185354172,0.9902800468169374,0.992044747826682
3,48819,0.9926599665489572,0.5963222808356953,0.9903064384119169,0.992052963716381
4,65092,0.989578173840771,0.5115208984866145,0.9903732840373763,0.9921087042212229
5,81365,0.9911745902010515,0.5796529132942592,0.9903501708292004,0.9920923398025996
####################
BEST SCORES
####################
VAL:  AUC: 0.9904, AP:  0.9921
TEST: AUC: 0.9896, AP:  0.5115
