epoch,updates,auc,ap,val_auc,val_ap
0,0,0.4855577140916281,0.024609841396651934,0.3065144344043262,0.3772960981214349
1,16273,0.9938357546070118,0.6616836768371065,0.9900839554689655,0.9919035918177845
2,32546,0.9982461365063153,0.9434684158828471,0.9902167493626733,0.9919874704338685
3,48819,0.9915850627569514,0.5659037897738973,0.9903522037055223,0.9921033562086541
4,65092,0.9910132790226334,0.5685244232060745,0.990296386437067,0.9920488153355309
5,81365,0.9903715286207286,0.5276849881136808,0.9903103868163171,0.9920538657060792
####################
BEST SCORES
####################
VAL:  AUC: 0.9904, AP:  0.9921
TEST: AUC: 0.9916, AP:  0.5659
