epoch,updates,auc,ap,val_auc,val_ap
0,0,0.5,0.0006875955080699472,0.5,0.30751605673090704
1,270,0.9669488661948341,0.015749718917271276,0.49947100317060583,0.9475075692394499
2,540,0.983630378999625,0.0279281060496828,0.5013393458752703,0.9716011255743008
3,810,0.4996648482318283,0.00016044410961117998,0.503331284536636,0.9769441398992854
4,1081,0.49926790328581744,0.00016036458706494247,0.511043643676645,0.9762531290740994
5,1351,0.6830806266056864,0.0024972189719622267,0.5191688198169473,0.9741367458862358
####################
BEST SCORES
####################
VAL:  AUC: 0.5033, AP:  0.9769
TEST: AUC: 0.4997, AP:  0.0002
