epoch,updates,auc,ap,val_auc,val_ap
0,0,0.5,0.0006875955080699472,0.5,0.30751605673090704
1,270,0.49748740228511057,0.00016008450053428425,0.5028466633651475,0.9511593328201111
2,540,0.49793646314664863,0.0001600921166125352,0.5006411795756739,0.9719706595278725
3,810,0.49788268696747195,0.00016009028763139794,0.5046094974681743,0.9721321232650415
4,1081,0.4983672678883186,0.00016009602646172103,0.5061507452093942,0.9765837744126695
5,1351,0.497217413944103,0.0001600828031059602,0.518018619835458,0.9736106640130368
####################
BEST SCORES
####################
VAL:  AUC: 0.5062, AP:  0.9766
TEST: AUC: 0.4984, AP:  0.0002
