epoch,updates,auc,ap,val_auc,val_ap
0,0,0.5,0.0006875955080699472,0.5,0.30751605673090704
1,271,0.9818144257423722,0.01721440098881656,0.5046218779535999,0.9450551742486949
2,542,0.49934068322332564,0.00016035103111011455,0.5000576239936765,0.9738411200756001
3,813,0.7662309817533481,0.007715368302384951,0.505486068096431,0.9753796253495635
4,1084,0.6809268817927006,0.0033913668623645177,0.5089218981905372,0.9753054641610855
5,1355,0.6867837490739735,0.002959593399631502,0.5164724024478673,0.9753269839848726
####################
BEST SCORES
####################
VAL:  AUC: 0.5055, AP:  0.9754
TEST: AUC: 0.7662, AP:  0.0077
