epoch,updates,auc,ap,val_auc,val_ap
0,0,0.4999948406617764,0.000160118884376623,0.4998699155266099,0.9973544642982922
1,271,0.4977251287155669,0.00016009193784919819,0.500314446877608,0.9537593625612927
2,542,0.49959572693139576,0.00016042988057063889,0.5027024341474946,0.9784192115241588
3,813,0.5903141039554326,0.0011401146450608693,0.5027321526010616,0.9762878359648728
4,1084,0.49938103671557843,0.000160379419559522,0.510718535090956,0.9776549994517032
5,1355,0.6747335084960754,0.0020618176179515294,0.5148356948706472,0.9766887864099854
####################
BEST SCORES
####################
VAL:  AUC: 0.5027, AP:  0.9784
TEST: AUC: 0.4996, AP:  0.0002
