epoch,updates,auc,ap,val_auc,val_ap
0,0,0.4998761758826338,0.000160116152169521,0.4763902572236922,0.8229625309128541
1,271,0.9122779328322996,0.011824520529287268,0.49736076820416,0.9453154311505195
2,542,0.679590708116658,0.0031804599389444574,0.49686435622008873,0.948434857688869
3,813,0.49932020136476707,0.00016040864739833927,0.498763195323389,0.9520206328860983
4,1084,0.49805691385056095,0.00016008918796685395,0.5020358351770332,0.9481027458545448
5,1355,0.6680767498742441,0.002577258896229895,0.5173243834541528,0.9494766679660755
####################
BEST SCORES
####################
VAL:  AUC: 0.4988, AP:  0.9520
TEST: AUC: 0.4993, AP:  0.0002
