epoch,updates,auc,ap,val_auc,val_ap
0,0,0.5,0.0006875955080699472,0.5,0.30751605673090704
1,270,0.4986516679325488,0.0001602709331033605,0.4982633029474089,0.9483707270178866
2,540,0.973009952233252,0.023398008576126738,0.5022607549091792,0.9723241412123931
3,810,0.6308403056654496,0.0012785671006699277,0.5107516926857755,0.974810424897535
4,1081,0.49816148966763146,0.0001600921198095954,0.5103477789521264,0.9750039238669258
5,1351,0.6788694331754219,0.0016898674753798018,0.520375711950365,0.9715691185410021
####################
BEST SCORES
####################
VAL:  AUC: 0.5103, AP:  0.9750
TEST: AUC: 0.4982, AP:  0.0002
