epoch,updates,auc,ap,val_auc,val_ap
0,0,0.5211069227355706,0.00023531507974679854,0.5010548141851284,0.9512366099598834
1,271,0.6723288857767602,0.0018568367139640538,0.504974868280943,0.9502135459165626
2,542,0.5056533884782786,0.00016438831311202932,0.5106282601451356,0.9658966596769665
3,813,0.6876710937739267,0.002875529056421423,0.5115950745167932,0.9781848715565881
4,1084,0.6687165588920508,0.0017560121887529676,0.5150511523368713,0.9774561807487838
5,1355,0.7044656667814947,0.0036158084538271368,0.5198329839409799,0.9763852696963461
####################
BEST SCORES
####################
VAL:  AUC: 0.5116, AP:  0.9782
TEST: AUC: 0.6877, AP:  0.0029
