9.6524019241333,2,2633,0.410092830657959
9.659940719604492,3,5355,0.1535952091217041
9.659089088439941,4,7997,0.1757183074951172
9.662349700927734,5,10711,0.15169191360473633
9.654034614562988,6,13502,0.026345014572143555
9.656320571899414,7,16277,0.15082788467407227
9.665149688720703,8,18921,0.026217937469482422
9.654661178588867,9,21607,0.15094256401062012
9.66199016571045,10,24333,0.022743940353393555
9.661752700805664,11,27009,0.02722787857055664
9.662198066711426,12,29688,0.02260303497314453
9.666007995605469,13,32378,0.1506037712097168
9.66753101348877,14,34979,0.025188922882080078
9.655975341796875,15,37695,0.024881601333618164
9.661532402038574,16,40406,0.02509450912475586
9.665888786315918,17,41055,0.015332221984863281
9.657349586486816,18,43744,0.026368379592895508
9.664328575134277,19,46392,0.02483510971069336
9.66302490234375,20,49130,0.1503312587738037
9.66170597076416,21,51813,0.15197157859802246
9.660207748413086,22,54505,0.02330946922302246
9.666434288024902,23,57182,0.02279973030090332
9.655843734741211,24,59868,0.024726390838623047
9.65546703338623,25,62639,0.1509556770324707
9.663187026977539,26,65392,0.024775028228759766
9.654783248901367,27,68044,0.022719860076904297
9.662230491638184,28,70707,0.024477481842041016
9.664182662963867,29,73375,0.0229189395904541
9.67015266418457,30,76044,0.02267909049987793
9.655898094177246,31,78732,0.024344682693481445
9.659360885620117,32,81407,0.02462148666381836
9.656838417053223,33,82099,0.013730525970458984
9.656198501586914,34,84717,0.025716066360473633
9.653328895568848,35,87393,0.024593591690063477
9.654953002929688,36,90132,0.02476334571838379
9.662165641784668,37,92929,0.14964056015014648
9.656747817993164,38,95591,0.022594213485717773
9.65505599975586,39,98253,0.024587154388427734
9.66106128692627,40,100896,0.1498713493347168
9.652848243713379,41,103577,0.02474665641784668
9.653411865234375,42,106282,0.02453899383544922
9.65893840789795,43,108962,0.02469778060913086
9.66174602508545,44,111586,0.024507999420166016
9.656460762023926,45,114292,0.02446293830871582
9.659554481506348,46,116963,0.02480626106262207
9.654687881469727,47,119688,0.024637460708618164
9.659103393554688,48,122373,0.024755477905273438
9.661200523376465,49,123098,0.0446772575378418
9.661853790283203,50,125847,0.15104079246520996
9.653165817260742,51,128505,0.02504587173461914
9.665031433105469,52,131412,0.15014028549194336
9.645966529846191,53,134072,0.02705073356628418
9.657800674438477,54,136777,0.1503748893737793
9.653345108032227,55,139420,0.025435924530029297
9.657157897949219,56,142144,0.15001893043518066
9.666815757751465,57,144887,0.15139222145080566
9.653434753417969,58,147560,0.022969722747802734
9.655423164367676,59,150260,0.034189701080322266
9.65865421295166,60,152942,0.0248415470123291
9.663739204406738,61,155580,0.025029420852661133
9.658393859863281,62,158266,0.024730205535888672
9.65352725982666,63,161043,0.02468109130859375
9.65294361114502,64,163710,0.024416446685791016
9.64821720123291,65,164337,0.012768030166625977
9.650142669677734,66,167041,0.02579975128173828
9.663508415222168,67,169746,0.024962186813354492
9.647529602050781,68,172408,0.026563405990600586
9.663824081420898,69,175125,0.024990320205688477
9.646116256713867,70,177781,0.024663925170898438
9.660703659057617,71,180465,0.024837493896484375
9.648517608642578,72,183147,0.024689197540283203
9.659608840942383,73,185849,0.024413108825683594
9.649065971374512,74,188478,0.02467632293701172
9.666001319885254,75,191263,0.1503911018371582
9.651190757751465,76,194085,0.1511697769165039
9.655643463134766,77,196761,0.024807453155517578
9.663281440734863,78,199613,0.1528337001800537
9.660663604736328,79,202282,0.024930238723754883
9.652608871459961,80,204972,0.024823904037475586
9.650378227233887,81,205647,0.0131378173828125
9.657901763916016,82,208460,0.15095782279968262
9.651321411132812,83,211255,0.15130257606506348
9.649493217468262,84,213871,0.02494359016418457
9.651786804199219,85,216523,0.025147199630737305
9.647611618041992,86,219249,0.024566650390625
9.643970489501953,87,221984,0.15218830108642578
9.656367301940918,88,224642,0.15070867538452148
9.665553092956543,89,227436,0.1513807773590088
9.651466369628906,90,230212,0.151749849319458
9.642768859863281,91,232940,0.1506655216217041
9.641352653503418,92,235589,0.02490997314453125
9.664169311523438,93,238287,0.15239214897155762
9.647273063659668,94,240939,0.023427724838256836
9.64177131652832,95,243658,0.024909496307373047
9.653007507324219,96,246468,0.15267062187194824
9.651872634887695,97,247100,0.014325380325317383
9.647013664245605,98,249860,0.023357629776000977
9.653037071228027,99,252557,0.023148536682128906
9.653265953063965,100,255250,0.027005910873413086
9.644413948059082,101,257886,0.024753093719482422
9.64402961730957,102,260489,0.024511098861694336
9.653656959533691,103,263203,0.02447366714477539
9.648183822631836,104,265903,0.024799823760986328
9.651427268981934,105,268655,0.14948368072509766
9.642776489257812,106,271352,0.02304363250732422
9.648279190063477,107,273960,0.02282857894897461
9.648048400878906,108,276653,0.02507638931274414
9.656277656555176,109,279286,0.024480581283569336
9.638899803161621,110,281910,0.02443861961364746
9.642849922180176,111,284671,0.022843122482299805
9.64444351196289,112,287369,0.02447676658630371
9.630178451538086,113,287991,0.012859344482421875
9.651030540466309,114,290676,0.023623228073120117
9.644895553588867,115,293298,0.024544239044189453
9.649555206298828,116,295970,0.024799585342407227
9.641180038452148,117,298581,0.022890329360961914
9.64473819732666,118,301232,0.026958703994750977
9.631891250610352,119,303909,0.024522781372070312
9.646864891052246,120,306662,0.02451300621032715
9.643301010131836,121,309478,0.1509108543395996
9.64137077331543,122,312129,0.02467036247253418
9.63670539855957,123,314816,0.1502983570098877
9.63609790802002,124,317543,0.025489330291748047
9.643668174743652,125,320149,0.0247194766998291
9.635612487792969,126,322797,0.02518153190612793
9.64393424987793,127,325473,0.02473282814025879
9.64372444152832,128,328114,0.024769067764282227
9.653554916381836,129,328751,0.013150215148925781
9.636646270751953,130,331414,0.023543834686279297
9.633697509765625,131,334083,0.02478170394897461
9.635990142822266,132,336716,0.024683237075805664
9.64616870880127,133,339365,0.02494668960571289
9.63932991027832,134,342049,0.024591684341430664
9.640789031982422,135,344832,0.15049099922180176
9.640067100524902,136,347521,0.025220870971679688
9.64328384399414,137,350189,0.0248110294342041
9.638569831848145,138,352934,0.15171432495117188
9.634139060974121,139,355718,0.025518417358398438
9.636510848999023,140,358408,0.024819135665893555
9.636958122253418,141,360999,0.02285599708557129
9.638590812683105,142,363670,0.022778034210205078
9.641380310058594,143,366312,0.02465200424194336
9.62945556640625,144,368982,0.024788618087768555
9.6302490234375,145,369665,0.01319742202758789
9.637795448303223,146,372300,0.026331663131713867
9.63943099975586,147,375032,0.15205073356628418
9.634298324584961,148,377662,0.025492429733276367
9.641304016113281,149,380341,0.1521134376525879
9.640799522399902,150,383035,0.025855302810668945
9.633031845092773,151,385644,0.15201330184936523
9.640403747558594,152,388312,0.025542736053466797
9.632731437683105,153,391036,0.1507554054260254
9.620875358581543,154,393666,0.02288222312927246
9.627252578735352,155,396424,0.022849559783935547
9.635404586791992,156,399140,0.024811267852783203
9.622159004211426,157,401869,0.024455547332763672
9.640311241149902,158,404542,0.02460765838623047
9.632635116577148,159,407263,0.1524193286895752
9.623054504394531,160,409950,0.024858474731445312
9.617415428161621,161,410664,0.013092756271362305
9.635695457458496,162,413460,0.1514732837677002
9.620227813720703,163,416134,0.02511882781982422
9.63403034210205,164,418942,0.1514577865600586
9.634429931640625,165,421711,0.1507568359375
9.628110885620117,166,424334,0.024968862533569336
9.628382682800293,167,426970,0.02470088005065918
9.618124961853027,168,429675,0.024366378784179688
9.628617286682129,169,432347,0.024430513381958008
9.622714042663574,170,435088,0.02462148666381836
9.632461547851562,171,437719,0.022688865661621094
9.631187438964844,172,440402,0.024606943130493164
9.627302169799805,173,442985,0.0266568660736084
9.626575469970703,174,445708,0.15094780921936035
9.621649742126465,175,448389,0.02507805824279785
9.617008209228516,176,451050,0.024837493896484375
9.608271598815918,177,451698,0.013180971145629883
9.61868667602539,178,454389,0.15090417861938477
9.626317977905273,179,457053,0.02452373504638672
9.627729415893555,180,459780,0.024762868881225586
9.620623588562012,181,462443,0.024466514587402344
9.62555980682373,182,465199,0.15029692649841309
9.623305320739746,183,467857,0.15151643753051758
9.622652053833008,184,470624,0.15109491348266602
9.62839126586914,185,473370,0.02515888214111328
9.621600151062012,186,476109,0.15118670463562012
9.618084907531738,187,478819,0.1512138843536377
9.614095687866211,188,481482,0.027544498443603516
9.620283126831055,189,484240,0.1501932144165039
9.618392944335938,190,486862,0.024785757064819336
9.60930347442627,191,489636,0.022769927978515625
9.612053871154785,192,492273,0.02486896514892578
9.606493949890137,193,492912,0.01323556900024414
9.618826866149902,194,495699,0.15166616439819336
9.614867210388184,195,498330,0.02528524398803711
9.611889839172363,196,501020,0.02551746368408203
9.618151664733887,197,503703,0.022879362106323242
9.614408493041992,198,506433,0.1508033275604248
9.614786148071289,199,509115,0.025188446044921875
9.620523452758789,200,511829,0.029163122177124023
9.611498832702637,201,514615,0.1498575210571289
9.622333526611328,202,517362,0.15063691139221191
9.6109037399292,203,520106,0.15111470222473145
9.622016906738281,204,522718,0.023128747940063477
9.624276161193848,205,525549,0.15035748481750488
9.606728553771973,206,528251,0.027222871780395508
9.616072654724121,207,530912,0.027234315872192383
9.61197280883789,208,533622,0.15140509605407715
9.587122917175293,209,534239,0.014654397964477539
9.613790512084961,210,536998,0.02579975128173828
9.60796070098877,211,539641,0.02532196044921875
9.606327056884766,212,542274,0.025204181671142578
9.605384826660156,213,544999,0.0230104923248291
9.613581657409668,214,547677,0.027265310287475586
9.599457740783691,215,550286,0.02299952507019043
9.617952346801758,216,553033,0.024576902389526367
9.605182647705078,217,555700,0.14977812767028809
9.616174697875977,218,558352,0.1510787010192871
9.605796813964844,219,561008,0.025350093841552734
9.601790428161621,220,563726,0.024660348892211914
9.598196029663086,221,566388,0.025128602981567383
9.603529930114746,222,569037,0.0227510929107666
9.60425853729248,223,571769,0.15270471572875977
9.607935905456543,224,574507,0.15172719955444336
9.600096702575684,225,575129,0.013474464416503906
9.608101844787598,226,577892,0.15228509902954102
9.60312557220459,227,580609,0.15035557746887207
9.60368824005127,228,583320,0.027497053146362305
9.59442138671875,229,586038,0.02463364601135254
9.599145889282227,230,588662,0.025018930435180664
9.586891174316406,231,591352,0.024784088134765625
9.599870681762695,232,593986,0.024556875228881836
9.598328590393066,233,596669,0.025165319442749023
9.599215507507324,234,599309,0.02512335777282715
9.591959953308105,235,601938,0.02504897117614746
9.596853256225586,236,604601,0.025043487548828125
9.596824645996094,237,607243,0.023396730422973633
9.609373092651367,238,610002,0.1499309539794922
9.586673736572266,239,612743,0.023026466369628906
9.595487594604492,240,615473,0.023167848587036133
9.58935260772705,241,616110,0.013352155685424805
9.591358184814453,242,618822,0.15093398094177246
9.596650123596191,243,621534,0.15160679817199707
9.592087745666504,244,624235,0.02552962303161621
9.589287757873535,245,626881,0.022828340530395508
9.584306716918945,246,629469,0.024890661239624023
9.583123207092285,247,632147,0.02521800994873047
9.595602035522461,248,634799,0.022890567779541016
9.579964637756348,249,637473,0.02288508415222168
9.589339256286621,250,640130,0.02716684341430664
9.5818452835083,251,642767,0.024772167205810547
9.58819580078125,252,645450,0.024656295776367188
9.578838348388672,253,648085,0.024758577346801758
9.593088150024414,254,650911,0.15036773681640625
9.579144477844238,255,653535,0.023082971572875977
9.586888313293457,256,656318,0.1533041000366211
9.597246170043945,257,656993,0.04630303382873535
9.585108757019043,258,659606,0.02402186393737793
9.571979522705078,259,662284,0.023090600967407227
9.57946491241455,260,664989,0.024694442749023438
9.581026077270508,261,667666,0.02477884292602539
9.585613250732422,262,670382,0.1510477066040039
9.574752807617188,263,673043,0.025990009307861328
9.587392807006836,264,675722,0.15232038497924805
9.585247993469238,265,678433,0.027886390686035156
9.574902534484863,266,681098,0.024953842163085938
9.571354866027832,267,683797,0.02485799789428711
9.578306198120117,268,686525,0.15074634552001953
9.565589904785156,269,689286,0.025144338607788086
9.567173957824707,270,691949,0.022930383682250977
9.585704803466797,271,694712,0.14969658851623535
9.576693534851074,272,697423,0.025188207626342773
9.572110176086426,273,698093,0.013998270034790039
9.578314781188965,274,700760,0.023706436157226562
9.565536499023438,275,703450,0.024915218353271484
9.572103500366211,276,706186,0.15227985382080078
9.56240463256836,277,708918,0.02313065528869629
9.562891006469727,278,711637,0.022717714309692383
9.572978973388672,279,714304,0.02531909942626953
9.560530662536621,280,717029,0.025064945220947266
9.563328742980957,281,719674,0.024739503860473633
9.558034896850586,282,722398,0.022973299026489258
9.557228088378906,283,725017,0.02478623390197754
9.563597679138184,284,727704,0.027019977569580078
9.558805465698242,285,730442,0.1505141258239746
9.566522598266602,286,733096,0.025566816329956055
9.557929039001465,287,735778,0.025124549865722656
9.563570022583008,288,738436,0.02260613441467285
9.562121391296387,289,739183,0.04472947120666504
9.550304412841797,290,741887,0.025693655014038086
9.572558403015137,291,744663,0.15229272842407227
9.563385009765625,292,747297,0.02494502067565918
9.569259643554688,293,750066,0.15201854705810547
9.569685935974121,294,752675,0.025102853775024414
9.550545692443848,295,755331,0.027133464813232422
9.564010620117188,296,758074,0.15163588523864746
9.567288398742676,297,760760,0.0249478816986084
9.554347038269043,298,763438,0.0229494571685791
9.560784339904785,299,766077,0.024979352951049805
9.557941436767578,300,768723,0.02570199966430664
9.557886123657227,301,771349,0.15116190910339355
9.55866813659668,302,773990,0.027460575103759766
9.55734920501709,303,776689,0.15110206604003906
9.553556442260742,304,779386,0.025472640991210938
9.571844100952148,305,780041,0.013123750686645508
9.559656143188477,306,782692,0.023450851440429688
9.559659957885742,307,785331,0.02455878257751465
9.54492473602295,308,788061,0.02469182014465332
9.562172889709473,309,790807,0.15036678314208984
9.553483963012695,310,793578,0.15044617652893066
9.551321983337402,311,796308,0.15098309516906738
9.537859916687012,312,799040,0.024835586547851562
9.540607452392578,313,801738,0.024815082550048828
9.547685623168945,314,804352,0.024738073348999023
9.551270484924316,315,806976,0.024771928787231445
9.547429084777832,316,809686,0.024569034576416016
9.534327507019043,317,812385,0.14973926544189453
9.54263973236084,318,815054,0.024760961532592773
9.535398483276367,319,817683,0.024428367614746094
9.544222831726074,320,820505,0.15041422843933105
9.529542922973633,321,821179,0.013114452362060547
9.545995712280273,322,823914,0.024616003036499023
9.537912368774414,323,826563,0.02511143684387207
9.539941787719727,324,829310,0.15012240409851074
9.541990280151367,325,832011,0.025240421295166016
9.536971092224121,326,834715,0.024896860122680664
9.539794921875,327,837409,0.024953365325927734
9.531190872192383,328,840036,0.024789810180664062
9.53566837310791,329,842658,0.027112483978271484
9.540655136108398,330,845364,0.02285289764404297
9.533080101013184,331,848129,0.15141534805297852
9.541875839233398,332,850761,0.025048017501831055
9.526058197021484,333,853452,0.023236513137817383
9.53010368347168,334,856122,0.025092601776123047
9.529393196105957,335,858763,0.025131702423095703
9.536737442016602,336,861402,0.02485370635986328
9.534284591674805,337,862064,0.013252973556518555
9.539196968078613,338,864743,0.1520991325378418
9.522514343261719,339,867389,0.0252382755279541
9.5203218460083,340,870073,0.025301218032836914
9.516046524047852,341,872846,0.15155744552612305
9.527769088745117,342,875529,0.02553558349609375
9.530603408813477,343,878142,0.025083541870117188
9.52175235748291,344,880845,0.029491901397705078
9.531183242797852,345,883501,0.02522563934326172
9.513150215148926,346,886147,0.025237083435058594
9.511734008789062,347,888917,0.025322437286376953
9.527037620544434,348,891664,0.15063214302062988
9.533202171325684,349,894388,0.1513664722442627
9.511341094970703,350,897028,0.022974491119384766
9.519205093383789,351,899662,0.02542400360107422
9.511070251464844,352,902398,0.025607824325561523
9.516386985778809,353,903044,0.013741254806518555
9.51229476928711,354,905729,0.028896570205688477
9.518465042114258,355,908422,0.02491307258605957
9.511844635009766,356,911025,0.02470707893371582
9.51077938079834,357,913779,0.024763107299804688
9.518962860107422,358,916413,0.02484893798828125
9.519353866577148,359,919100,0.023003339767456055
9.505959510803223,360,921746,0.024721384048461914
9.51805591583252,361,924456,0.15221619606018066
9.50444221496582,362,927149,0.024898052215576172
9.503662109375,363,929893,0.15129995346069336
9.515154838562012,364,932595,0.15041685104370117
9.499163627624512,365,935365,0.024792909622192383
9.513434410095215,366,938063,0.15141749382019043
9.51026439666748,367,940813,0.15090227127075195
9.520539283752441,368,943568,0.1513833999633789
9.49632740020752,369,944220,0.013492345809936523
9.507649421691895,370,946915,0.0265505313873291
9.490275382995605,371,949660,0.022619247436523438
9.499934196472168,372,952451,0.14975285530090332
9.499066352844238,373,955066,0.02277517318725586
9.500879287719727,374,957792,0.1507244110107422
9.503072738647461,375,960391,0.02310800552368164
9.502676010131836,376,963102,0.15138864517211914
9.489670753479004,377,965854,0.0249330997467041
9.499858856201172,378,968492,0.02472853660583496
9.502189636230469,379,971136,0.024733304977416992
9.497252464294434,380,973848,0.15301132202148438
9.513121604919434,381,976514,0.15128779411315918
9.481461524963379,382,979207,0.027396440505981445
9.49513053894043,383,981856,0.02474498748779297
9.492334365844727,384,984501,0.02446579933166504
9.531036376953125,385,985179,0.04450249671936035
9.496923446655273,386,987970,0.1500413417816162
9.494091987609863,387,990605,0.02293682098388672
9.486662864685059,388,993248,0.024518489837646484
9.4967679977417,389,995915,0.14984679222106934
9.49719524383545,390,998741,0.15279722213745117
9.481653213500977,391,1001434,0.023325443267822266
9.48835277557373,392,1004136,0.025158166885375977
9.479491233825684,393,1006812,0.025068998336791992
9.47724437713623,394,1009564,0.024589061737060547
9.485554695129395,395,1012270,0.14973139762878418
9.485740661621094,396,1014965,0.024776458740234375
9.478979110717773,397,1017655,0.022833824157714844
9.478317260742188,398,1020259,0.024465560913085938
9.483773231506348,399,1023058,0.15024828910827637
9.469793319702148,400,1025777,0.024840831756591797
9.480395317077637,401,1026384,0.01291656494140625
9.480951309204102,402,1029030,0.02579498291015625
9.476496696472168,403,1031725,0.024762868881225586
9.467257499694824,404,1034538,0.024758100509643555
9.476924896240234,405,1037176,0.024543285369873047
9.471052169799805,406,1039950,0.15118765830993652
9.470588684082031,407,1042725,0.1505112648010254
9.47087287902832,408,1045309,0.024670124053955078
9.477086067199707,409,1048027,0.1505875587463379
9.485231399536133,410,1050674,0.15018010139465332
9.460844039916992,411,1053441,0.024745941162109375
9.465738296508789,412,1056173,0.15073633193969727
9.456856727600098,413,1058921,0.025000572204589844
9.462824821472168,414,1061661,0.15113496780395508
9.466139793395996,415,1064322,0.023075342178344727
9.460539817810059,416,1067076,0.1514892578125
9.481201171875,417,1067724,0.013295412063598633
9.46140193939209,418,1070549,0.15082764625549316
9.463266372680664,419,1073335,0.15062642097473145
9.46030044555664,420,1075999,0.02495884895324707
9.441917419433594,421,1078720,0.02477550506591797
9.458723068237305,422,1081394,0.15070295333862305
9.462096214294434,423,1083976,0.025237083435058594
9.468316078186035,424,1086708,0.1548013687133789
9.464223861694336,425,1089406,0.02538132667541504
9.450815200805664,426,1092191,0.15293574333190918
9.475211143493652,427,1094960,0.15051651000976562
9.45697021484375,428,1097721,0.15089178085327148
9.448434829711914,429,1100404,0.02480316162109375
9.460295677185059,430,1102998,0.022885560989379883
9.450068473815918,431,1105694,0.02726268768310547
9.462146759033203,432,1108406,0.02486133575439453
9.456110954284668,433,1109068,0.01290583610534668
9.448761940002441,434,1111669,0.023700237274169922
9.455677032470703,435,1114398,0.15143322944641113
9.441826820373535,436,1117125,0.024941444396972656
9.442974090576172,437,1119973,0.1507401466369629
9.441762924194336,438,1122657,0.027095317840576172
9.438536643981934,439,1125348,0.14998698234558105
9.45264720916748,440,1128040,0.1510484218597412
9.444616317749023,441,1130723,0.0253908634185791
9.445509910583496,442,1133414,0.02514505386352539
9.437707901000977,443,1136050,0.027583599090576172
9.422557830810547,444,1138823,0.024796247482299805
9.442607879638672,445,1141619,0.15067100524902344
9.439565658569336,446,1144265,0.025368213653564453
9.455632209777832,447,1146964,0.14969897270202637
9.423639297485352,448,1149689,0.15214085578918457
9.427377700805664,449,1150362,0.013235092163085938
9.441566467285156,450,1153108,0.15184402465820312
9.428197860717773,451,1155755,0.02484297752380371
9.417928695678711,452,1158440,0.02727222442626953
9.447882652282715,453,1161124,0.15154123306274414
9.430299758911133,454,1163791,0.02718973159790039
9.42075252532959,455,1166558,0.15131211280822754
9.421934127807617,456,1169230,0.022936105728149414
9.437646865844727,457,1171819,0.15085172653198242
9.420677185058594,458,1174470,0.022933244705200195
9.41938591003418,459,1177134,0.02289271354675293
9.43056869506836,460,1179820,0.024927854537963867
9.418461799621582,461,1182508,0.024811506271362305
9.41976547241211,462,1185252,0.024715900421142578
9.417455673217773,463,1187932,0.024616241455078125
9.406956672668457,464,1190669,0.022530317306518555
9.429596900939941,465,1191324,0.012960672378540039
9.412859916687012,466,1194087,0.025847673416137695
9.41340160369873,467,1196757,0.024870872497558594
9.413933753967285,468,1199378,0.024706602096557617
9.417549133300781,469,1202050,0.024779319763183594
9.403444290161133,470,1204736,0.027132511138916016
9.406515121459961,471,1207480,0.1501600742340088
9.411434173583984,472,1210129,0.024913549423217773
9.418890953063965,473,1212887,0.15062427520751953
9.406100273132324,474,1215481,0.024814844131469727
9.407108306884766,475,1218145,0.024702787399291992
9.404768943786621,476,1220805,0.024750709533691406
9.428020477294922,477,1223582,0.15038323402404785
9.414175987243652,478,1226206,0.0273439884185791
9.401459693908691,479,1228870,0.022689342498779297
9.408347129821777,480,1231637,0.0245206356048584
9.4169921875,481,1232297,0.012907028198242188
9.40514850616455,482,1235053,0.02586674690246582
9.403007507324219,483,1237873,0.15079784393310547
9.40776252746582,484,1240567,0.02534770965576172
9.403759956359863,485,1243272,0.02475261688232422
9.413167953491211,486,1246031,0.14990639686584473
9.398728370666504,487,1248722,0.024748802185058594
9.393986701965332,488,1251454,0.024763822555541992
9.389446258544922,489,1254049,0.022867441177368164
9.388808250427246,490,1256726,0.024636507034301758
9.39167594909668,491,1259366,0.022754669189453125
9.388187408447266,492,1261984,0.022785425186157227
9.384248733520508,493,1264670,0.024474620819091797
9.385578155517578,494,1267359,0.02469635009765625
9.38581657409668,495,1270066,0.024625301361083984
9.392751693725586,496,1272791,0.1514725685119629
9.385970115661621,497,1273418,0.013536453247070312
9.39166259765625,498,1276124,0.026287317276000977
9.392518997192383,499,1278695,0.027144193649291992
9.37545108795166,500,1281356,0.024609804153442383
9.387055397033691,501,1283940,0.02275228500366211
9.372884750366211,502,1286674,0.022925615310668945
9.3826904296875,503,1289358,0.027076244354248047
9.374753952026367,504,1292087,0.1523141860961914
9.36903190612793,505,1294789,0.02604985237121582
9.38880443572998,506,1297414,0.025426626205444336
9.37283992767334,507,1300093,0.025356769561767578
9.37646770477295,508,1302743,0.02491903305053711
9.371617317199707,509,1305390,0.025426387786865234
9.367836952209473,510,1308102,0.02324652671813965
9.370562553405762,511,1310821,0.0248568058013916
9.368760108947754,512,1313490,0.024975061416625977
9.366131782531738,513,1314176,0.01395416259765625
9.369418144226074,514,1316839,0.02791571617126465
9.36644458770752,515,1319521,0.0248262882232666
9.368219375610352,516,1322224,0.02287745475769043
9.382699966430664,517,1324908,0.1533045768737793
9.374165534973145,518,1327509,0.025776147842407227
9.367903709411621,519,1330248,0.1532900333404541
9.362266540527344,520,1332930,0.025472402572631836
9.368003845214844,521,1335553,0.025168418884277344
9.368752479553223,522,1338226,0.024836301803588867
9.364956855773926,523,1340946,0.15102458000183105
9.373739242553711,524,1343600,0.1520402431488037
9.369014739990234,525,1346212,0.023579120635986328
9.350187301635742,526,1348884,0.025054454803466797
9.356157302856445,527,1351612,0.025215864181518555
9.364910125732422,528,1354244,0.022855281829833984
9.338886260986328,529,1354883,0.013072490692138672
9.35680866241455,530,1357498,0.025740623474121094
9.35651969909668,531,1360160,0.024583816528320312
9.35840892791748,532,1362920,0.15039515495300293
9.34873104095459,533,1365609,0.024849653244018555
9.35153579711914,534,1368245,0.026981353759765625
9.353599548339844,535,1370935,0.15058374404907227
9.354429244995117,536,1373649,0.02532029151916504
9.346602439880371,537,1376452,0.15133094787597656
9.355356216430664,538,1379074,0.0252840518951416
9.35470199584961,539,1381746,0.02322983741760254
9.338064193725586,540,1384484,0.024896621704101562
9.344857215881348,541,1387142,0.024981260299682617
9.338105201721191,542,1389755,0.022844314575195312
9.347674369812012,543,1392437,0.024967670440673828
9.33627986907959,544,1395121,0.024992704391479492
9.345290184020996,545,1395772,0.013305187225341797
9.325950622558594,546,1398456,0.028454065322875977
9.33836555480957,547,1401177,0.025141000747680664
9.36389446258545,548,1403806,0.029237985610961914
9.351943969726562,549,1406432,0.15138578414916992
9.320291519165039,550,1409079,0.023583650588989258
9.335426330566406,551,1411852,0.1504383087158203
9.31401252746582,552,1414568,0.025189876556396484
9.332688331604004,553,1417207,0.022990942001342773
9.334505081176758,554,1419940,0.15008068084716797
9.315694808959961,555,1422611,0.025354623794555664
9.326864242553711,556,1425275,0.024919748306274414
9.327518463134766,557,1427981,0.024919748306274414
9.312956809997559,558,1430683,0.024930715560913086
9.339498519897461,559,1433433,0.1517951488494873
9.344524383544922,560,1436144,0.1508171558380127
9.326934814453125,561,1436810,0.014529705047607422
9.32563591003418,562,1439573,0.151702880859375
9.335586547851562,563,1442301,0.15071940422058105
9.324516296386719,564,1445020,0.15191888809204102
9.317977905273438,565,1447663,0.027781248092651367
9.31911849975586,566,1450244,0.024950265884399414
9.314149856567383,567,1452941,0.024927616119384766
9.304242134094238,568,1455636,0.027458667755126953
9.319499015808105,569,1458288,0.02612614631652832
9.322436332702637,570,1461009,0.027905702590942383
9.307147026062012,571,1463620,0.027644872665405273
9.302324295043945,572,1466371,0.15297245979309082
9.296304702758789,573,1469178,0.027798175811767578
9.315620422363281,574,1471768,0.026029109954833984
9.31296443939209,575,1474484,0.15435457229614258
9.3086576461792,576,1477176,0.028578519821166992
9.333277702331543,577,1477789,0.016654491424560547
9.306963920593262,578,1480490,0.027850866317749023
9.289094924926758,579,1483202,0.02812504768371582
9.313361167907715,580,1485896,0.15309596061706543
9.286677360534668,581,1488612,0.026329517364501953
9.301848411560059,582,1491345,0.15312409400939941
9.2996187210083,583,1494018,0.02851390838623047
9.285919189453125,584,1496701,0.025707483291625977
9.305933952331543,585,1499253,0.025133609771728516
9.302107810974121,586,1501951,0.02522444725036621
9.288069725036621,587,1504639,0.022999048233032227
9.297269821166992,588,1507237,0.027515649795532227
9.281646728515625,589,1509921,0.02820563316345215
9.299721717834473,590,1512560,0.026119470596313477
9.287830352783203,591,1515220,0.027877330780029297
9.291014671325684,592,1518008,0.15166664123535156
9.314373016357422,593,1518640,0.015312671661376953
9.283186912536621,594,1521282,0.02722764015197754
9.282044410705566,595,1523935,0.025296449661254883
9.308233261108398,596,1526549,0.025165319442749023
9.279149055480957,597,1529261,0.025111675262451172
9.281381607055664,598,1531992,0.025070667266845703
9.286175727844238,599,1534613,0.025306224822998047
9.297769546508789,600,1537360,0.15281963348388672
9.28176212310791,601,1540038,0.02801060676574707
9.286964416503906,602,1542648,0.02785015106201172
9.264094352722168,603,1545347,0.02763223648071289
9.287872314453125,604,1548029,0.024881839752197266
9.262170791625977,605,1550672,0.024996519088745117
9.273448944091797,606,1553328,0.029226303100585938
9.262530326843262,607,1556069,0.024976491928100586
9.273907661437988,608,1558705,0.022978782653808594
9.277702331542969,609,1559357,0.01348257064819336
9.263930320739746,610,1562042,0.024216413497924805
9.259795188903809,611,1564749,0.02748703956604004
9.27995777130127,612,1567434,0.15154337882995605
9.28883171081543,613,1570166,0.15092206001281738
9.254847526550293,614,1572863,0.02539968490600586
9.275742530822754,615,1575575,0.15015077590942383
9.239591598510742,616,1578297,0.02524542808532715
9.258618354797363,617,1580991,0.025018930435180664
9.263436317443848,618,1583725,0.02306532859802246
9.263586044311523,619,1586350,0.025066852569580078
9.2686767578125,620,1589042,0.025044679641723633
9.26733684539795,621,1591711,0.15201902389526367
9.248581886291504,622,1594321,0.0254364013671875
9.2749662399292,623,1597067,0.15247416496276855
9.265815734863281,624,1599688,0.023258447647094727
9.288619995117188,625,1600359,0.013288736343383789
9.25456428527832,626,1602945,0.02615976333618164
9.24242115020752,627,1605665,0.024770736694335938
9.252418518066406,628,1608280,0.022724151611328125
9.263975143432617,629,1610856,0.024976730346679688
9.255427360534668,630,1613524,0.15187740325927734
9.23922061920166,631,1616260,0.025686264038085938
9.25222110748291,632,1618934,0.02354145050048828
9.243727684020996,633,1621584,0.02534961700439453
9.223123550415039,634,1624264,0.02318549156188965
9.229580879211426,635,1626982,0.025069475173950195
9.236123085021973,636,1629637,0.025036334991455078
9.253108024597168,637,1632390,0.15102195739746094
9.249558448791504,638,1635153,0.15228676795959473
9.242693901062012,639,1637926,0.15163493156433105
9.228005409240723,640,1640669,0.025394201278686523
9.208297729492188,641,1641354,0.013604402542114258
9.235852241516113,642,1644048,0.026250839233398438
9.243844985961914,643,1646820,0.15219545364379883
9.239822387695312,644,1649426,0.025324106216430664
9.263688087463379,645,1652264,0.15279340744018555
9.240734100341797,646,1654992,0.025510549545288086
9.220813751220703,647,1657668,0.024996519088745117
9.235896110534668,648,1660305,0.024982690811157227
9.220710754394531,649,1662996,0.02506542205810547
9.221338272094727,650,1665651,0.025044918060302734
9.227006912231445,651,1668370,0.025049924850463867
9.22983455657959,652,1671025,0.024962425231933594
9.223104476928711,653,1673786,0.025046110153198242
9.230978012084961,654,1676508,0.14858245849609375
9.225687026977539,655,1679255,0.15276718139648438
9.209003448486328,656,1681943,0.025820255279541016
9.2260160446167,657,1682600,0.013932228088378906
9.216694831848145,658,1685263,0.02708268165588379
9.20820140838623,659,1687935,0.02337193489074707
9.22681713104248,660,1690610,0.0250852108001709
9.224637031555176,661,1693326,0.15265488624572754
9.189096450805664,662,1696070,0.025446653366088867
9.215566635131836,663,1698784,0.15320658683776855
9.204490661621094,664,1701479,0.0255279541015625
9.21542739868164,665,1704138,0.025063037872314453
9.186506271362305,666,1706881,0.0230252742767334
9.219759941101074,667,1709532,0.02495861053466797
9.199213981628418,668,1712243,0.023014307022094727
9.225046157836914,669,1714862,0.027274608612060547
9.21084976196289,670,1717516,0.025009870529174805
9.220029830932617,671,1720265,0.15144944190979004
9.204578399658203,672,1722919,0.02531123161315918
9.17030143737793,673,1723591,0.01349639892578125
9.205009460449219,674,1726393,0.15129995346069336
9.223567008972168,675,1729347,0.15196442604064941
9.19755744934082,676,1731970,0.02539682388305664
9.1937837600708,677,1734623,0.025092124938964844
9.195425033569336,678,1737256,0.025202512741088867
9.19218921661377,679,1739942,0.02510857582092285
9.190587043762207,680,1742567,0.025148391723632812
9.196098327636719,681,1745328,0.15272927284240723
9.191823959350586,682,1748111,0.15184974670410156
9.183646202087402,683,1750768,0.02618098258972168
9.200675010681152,684,1753376,0.025693655014038086
9.178223609924316,685,1756054,0.025408029556274414
9.192776679992676,686,1758747,0.02333831787109375
9.185483932495117,687,1761475,0.025421857833862305
9.218794822692871,688,1764196,0.15068769454956055
9.20919132232666,689,1764833,0.014449119567871094
9.194571495056152,690,1767584,0.15101933479309082
9.193434715270996,691,1770293,0.1518564224243164
9.178735733032227,692,1772967,0.02547621726989746
9.191438674926758,693,1775612,0.02535080909729004
9.193029403686523,694,1778389,0.1511063575744629
9.213996887207031,695,1781167,0.1533033847808838
9.167130470275879,696,1783910,0.024170398712158203
9.190836906433105,697,1786635,0.15119457244873047
9.182915687561035,698,1789279,0.023433923721313477
9.188867568969727,699,1791910,0.025033950805664062
9.171154022216797,700,1794504,0.023090362548828125
9.190546989440918,701,1797166,0.024738073348999023
9.187233924865723,702,1799818,0.024943828582763672
9.170644760131836,703,1802462,0.024733781814575195
9.164491653442383,704,1805220,0.025157451629638672
9.175081253051758,705,1805842,0.013455629348754883
9.17037296295166,706,1808596,0.15139150619506836
9.160907745361328,707,1811236,0.02584671974182129
9.152181625366211,708,1813938,0.02562737464904785
9.192424774169922,709,1816638,0.1507432460784912
9.1629638671875,710,1819369,0.15641331672668457
9.177486419677734,711,1822099,0.1539318561553955
9.170639991760254,712,1824737,0.023482322692871094
9.155466079711914,713,1827331,0.027356624603271484
9.182113647460938,714,1830092,0.15212225914001465
9.151228904724121,715,1832826,0.02547764778137207
9.16581916809082,716,1835478,0.02288055419921875
9.150984764099121,717,1838197,0.023003101348876953
9.142561912536621,718,1840907,0.026396512985229492
9.161323547363281,719,1843521,0.02509021759033203
9.162060737609863,720,1846173,0.02304816246032715
9.138714790344238,721,1846813,0.013261795043945312
9.171710968017578,722,1849486,0.027299165725708008
9.130062103271484,723,1852225,0.025580883026123047
9.150859832763672,724,1854898,0.025191068649291992
9.166926383972168,725,1857726,0.15208768844604492
9.167556762695312,726,1860517,0.15329861640930176
9.157570838928223,727,1863240,0.15115571022033691
9.151067733764648,728,1865910,0.027570247650146484
9.170777320861816,729,1868584,0.1519181728363037
9.164058685302734,730,1871220,0.023272037506103516
9.152259826660156,731,1874039,0.15246939659118652
9.146977424621582,732,1876688,0.023634910583496094
9.157649040222168,733,1879352,0.02563166618347168
9.130402565002441,734,1882039,0.02544999122619629
9.126794815063477,735,1884777,0.023276805877685547
9.13472843170166,736,1887453,0.023095369338989258
9.114837646484375,737,1888092,0.014569997787475586
9.139591217041016,738,1890877,0.15279889106750488
9.135845184326172,739,1893577,0.025670289993286133
9.144861221313477,740,1896256,0.15273332595825195
9.140106201171875,741,1898935,0.02552938461303711
9.150274276733398,742,1901654,0.1533217430114746
9.134536743164062,743,1904262,0.025775909423828125
9.152087211608887,744,1906970,0.15280508995056152
9.105385780334473,745,1909710,0.026174068450927734
9.115218162536621,746,1912382,0.02539801597595215
9.122560501098633,747,1915130,0.15235495567321777
9.14557933807373,748,1917728,0.025278329849243164
9.115355491638184,749,1920405,0.02274489402770996
9.115134239196777,750,1923081,0.024619340896606445
9.127685546875,751,1925846,0.15060162544250488
9.117147445678711,752,1928538,0.025457382202148438
9.127382278442383,753,1929218,0.013787984848022461
9.122374534606934,754,1932049,0.1510775089263916
9.115931510925293,755,1934762,0.025308609008789062
9.130816459655762,756,1937443,0.1503434181213379
9.125014305114746,757,1940133,0.15294265747070312
9.101011276245117,758,1942843,0.025758743286132812
9.105655670166016,759,1945500,0.02323317527770996
9.121665000915527,760,1948240,0.15220165252685547
9.123714447021484,761,1951115,0.15018439292907715
9.10556411743164,762,1953797,0.02517247200012207
9.104344367980957,763,1956481,0.022864580154418945
9.121476173400879,764,1959086,0.02497720718383789
9.098609924316406,765,1961788,0.025012731552124023
9.10429573059082,766,1964422,0.024972200393676758
9.101532936096191,767,1967087,0.02497720718383789
9.134499549865723,768,1969834,0.1496105194091797
9.085051536560059,769,1970500,0.013907670974731445
9.085126876831055,770,1973190,0.025563716888427734
9.098999977111816,771,1975846,0.024588584899902344
9.111411094665527,772,1978481,0.024708271026611328
9.085036277770996,773,1981243,0.024590015411376953
9.089753150939941,774,1983963,0.024462461471557617
9.118077278137207,775,1986552,0.023395299911499023
9.091188430786133,776,1989232,0.024695634841918945
9.091025352478027,777,1991936,0.024713754653930664
9.10014820098877,778,1994752,0.1511681079864502
9.12094783782959,779,1997470,0.15259170532226562
9.084484100341797,780,2000106,0.02552342414855957
9.093426704406738,781,2002794,0.025231361389160156
9.083918571472168,782,2005445,0.025525331497192383
9.089224815368652,783,2008241,0.15058684349060059
9.093413352966309,784,2011006,0.1518251895904541
9.11356258392334,785,2011638,0.01360464096069336
9.087687492370605,786,2014346,0.025447368621826172
9.08764362335205,787,2016996,0.024790048599243164
9.091761589050293,788,2019693,0.024789094924926758
9.072667121887207,789,2022541,0.1520378589630127
9.102738380432129,790,2025162,0.02537679672241211
9.10607624053955,791,2027882,0.1520986557006836
9.099172592163086,792,2030424,0.025196075439453125
9.086454391479492,793,2033115,0.02491474151611328
9.084083557128906,794,2035826,0.15228867530822754
9.070711135864258,795,2038638,0.15071344375610352
9.081027030944824,796,2041214,0.025151491165161133
9.084639549255371,797,2043871,0.02479410171508789
9.062531471252441,798,2046547,0.024524927139282227
9.05029010772705,799,2049220,0.02283167839050293
9.074688911437988,800,2051938,0.022600173950195312
9.03405475616455,801,2052631,0.012702465057373047
9.062235832214355,802,2055320,0.02306842803955078
9.0911226272583,803,2057953,0.02470254898071289
9.077848434448242,804,2060686,0.15034770965576172
9.067193031311035,805,2063396,0.02526068687438965
9.06312370300293,806,2066117,0.1504511833190918
9.043676376342773,807,2068807,0.0272979736328125
9.076021194458008,808,2071548,0.1514887809753418
9.057129859924316,809,2074355,0.15128111839294434
9.077820777893066,810,2077100,0.15108132362365723
9.077502250671387,811,2079729,0.0250241756439209
9.0806245803833,812,2082404,0.15009832382202148
9.057126998901367,813,2085068,0.025176286697387695
9.090143203735352,814,2087737,0.15024447441101074
9.039847373962402,815,2090343,0.02510809898376465
9.058541297912598,816,2092988,0.033367156982421875
9.02246379852295,817,2093666,0.012769222259521484
9.046636581420898,818,2096384,0.027734994888305664
9.056032180786133,819,2099038,0.024764299392700195
9.054678916931152,820,2101714,0.027094602584838867
9.060261726379395,821,2104468,0.1508922576904297
9.038594245910645,822,2107116,0.025023221969604492
9.073705673217773,823,2109861,0.15138506889343262
9.04542064666748,824,2112485,0.023150920867919922
9.073314666748047,825,2115248,0.15100789070129395
9.047032356262207,826,2117947,0.023281335830688477
9.06468677520752,827,2120664,0.15026450157165527
9.04450798034668,828,2123354,0.024948596954345703
9.041962623596191,829,2126020,0.0249936580657959
9.048489570617676,830,2128769,0.14978671073913574
9.040032386779785,831,2131338,0.02574610710144043
9.037596702575684,832,2134022,0.025713205337524414
9.010161399841309,833,2134671,0.01467132568359375
9.040257453918457,834,2137462,0.1525418758392334
9.042801856994629,835,2140163,0.1504807472229004
9.054944038391113,836,2142846,0.025229454040527344
8.996177673339844,837,2145525,0.02477741241455078
9.031929969787598,838,2148288,0.024852275848388672
9.021751403808594,839,2150969,0.024744272232055664
9.021259307861328,840,2153677,0.026880979537963867
9.033693313598633,841,2156304,0.022670984268188477
9.05210018157959,842,2158873,0.02489614486694336
9.038622856140137,843,2161484,0.024617433547973633
9.010699272155762,844,2164136,0.024453163146972656
9.0580472946167,845,2166832,0.1507275104522705
9.01666259765625,846,2169640,0.1517047882080078
9.016385078430176,847,2172370,0.023392438888549805
9.003497123718262,848,2174988,0.025704145431518555
9.086932182312012,849,2175608,0.01355433464050293
9.024843215942383,850,2178301,0.026753902435302734
9.008879661560059,851,2181072,0.02523636817932129
9.042430877685547,852,2183673,0.025095224380493164
9.023743629455566,853,2186333,0.024855613708496094
9.01993179321289,854,2189107,0.1509263515472412
9.032116889953613,855,2191846,0.15121674537658691
8.998032569885254,856,2194543,0.027633190155029297
8.986163139343262,857,2197222,0.023415565490722656
9.013800621032715,858,2199811,0.024753808975219727
9.014437675476074,859,2202585,0.15119123458862305
9.064224243164062,860,2205218,0.15048956871032715
9.008137702941895,861,2207876,0.025121212005615234
9.031563758850098,862,2210494,0.024753332138061523
8.997371673583984,863,2213181,0.024718284606933594
8.994460105895996,864,2215924,0.024589061737060547
9.003303527832031,865,2216557,0.01297616958618164
9.021289825439453,866,2219224,0.151594877243042
8.99789047241211,867,2222014,0.1501636505126953
9.0164155960083,868,2224721,0.1516859531402588
9.009034156799316,869,2227375,0.025798559188842773
8.990822792053223,870,2230081,0.025356769561767578
9.007015228271484,871,2232754,0.027190446853637695
9.028759002685547,872,2235439,0.15018701553344727
8.989814758300781,873,2238070,0.02567744255065918
8.99923038482666,874,2240695,0.025477886199951172
8.9867582321167,875,2243449,0.15062451362609863
9.012428283691406,876,2246095,0.023663759231567383
8.993963241577148,877,2248847,0.15087556838989258
8.995454788208008,878,2251591,0.15181398391723633
9.005781173706055,879,2254222,0.025420665740966797
8.992598533630371,880,2256885,0.024791955947875977
8.971709251403809,881,2257552,0.013924837112426758
9.005145072937012,882,2260293,0.15165066719055176
8.986930847167969,883,2262942,0.023914813995361328
8.992639541625977,884,2265530,0.024613618850708008
9.005510330200195,885,2268293,0.14944124221801758
8.975791931152344,886,2271126,0.1512439250946045
8.982762336730957,887,2273739,0.025415897369384766
8.97783374786377,888,2276437,0.024613618850708008
8.99350643157959,889,2279157,0.15198850631713867
8.995797157287598,890,2281732,0.024977445602416992
9.001834869384766,891,2284462,0.15211153030395508
9.001870155334473,892,2287333,0.1505444049835205
8.957250595092773,893,2290000,0.023214340209960938
8.992758750915527,894,2292654,0.025148391723632812
8.99177074432373,895,2295335,0.02503824234008789
8.984448432922363,896,2298024,0.029145479202270508
8.962616920471191,897,2298671,0.013121604919433594
9.009808540344238,898,2301433,0.15129303932189941
8.970197677612305,899,2304104,0.02508711814880371
8.976323127746582,900,2306738,0.025065183639526367
8.98913860321045,901,2309333,0.024626731872558594
8.964530944824219,902,2311997,0.024615049362182617
8.982900619506836,903,2314622,0.024550199508666992
8.952014923095703,904,2317303,0.024549007415771484
8.975519180297852,905,2320061,0.15071845054626465
8.96514892578125,906,2322691,0.023159503936767578
8.950370788574219,907,2325401,0.024929523468017578
8.972826957702637,908,2328180,0.1499042510986328
8.966264724731445,909,2330974,0.15170884132385254
8.994470596313477,910,2333708,0.15061688423156738
8.951631546020508,911,2336399,0.02467179298400879
8.965675354003906,912,2339214,0.15058088302612305
8.983089447021484,913,2339849,0.013915300369262695
8.975080490112305,914,2342499,0.026246309280395508
8.955143928527832,915,2345275,0.149977445602417
8.965289115905762,916,2347870,0.02315354347229004
8.946718215942383,917,2350518,0.03380537033081055
8.962428092956543,918,2353140,0.02481532096862793
8.966832160949707,919,2355719,0.027155637741088867
8.96699047088623,920,2358471,0.15005135536193848
8.986140251159668,921,2361218,0.15111732482910156
8.941873550415039,922,2363858,0.025163888931274414
8.935759544372559,923,2366603,0.023102283477783203
8.939529418945312,924,2369275,0.02472519874572754
8.935709953308105,925,2371975,0.02463817596435547
8.975211143493652,926,2374654,0.024791717529296875
8.964749336242676,927,2377390,0.15148353576660156
8.936454772949219,928,2380092,0.02529597282409668
8.925707817077637,929,2380753,0.01325678825378418
8.967876434326172,930,2383425,0.1517162322998047
8.943283081054688,931,2386111,0.022939443588256836
8.936412811279297,932,2388784,0.025046586990356445
8.943260192871094,933,2391522,0.024735689163208008
8.930505752563477,934,2394245,0.02481985092163086
8.959432601928711,935,2396977,0.15015053749084473
8.937774658203125,936,2399627,0.0249941349029541
8.89565658569336,937,2402399,0.02487015724182129
8.933833122253418,938,2404979,0.024951457977294922
8.923223495483398,939,2407717,0.02472400665283203
8.942702293395996,940,2410439,0.150986909866333
8.950282096862793,941,2413020,0.025052309036254883
8.926451683044434,942,2415686,0.023021936416625977
8.915972709655762,943,2418459,0.15203189849853516
8.928641319274902,944,2421168,0.027659893035888672
8.893951416015625,945,2421811,0.013988494873046875
8.918684005737305,946,2424499,0.025881052017211914
8.935467720031738,947,2427164,0.024469614028930664
8.928598403930664,948,2429901,0.15102529525756836
8.917133331298828,949,2432575,0.025005817413330078
8.902523040771484,950,2435300,0.025008678436279297
8.93054485321045,951,2437964,0.0249025821685791
8.947562217712402,952,2440686,0.14913034439086914
8.901707649230957,953,2443351,0.024989604949951172
8.941449165344238,954,2445984,0.024741172790527344
8.91182804107666,955,2448697,0.024682044982910156
8.919108390808105,956,2451444,0.15005707740783691
8.921217918395996,957,2454203,0.15074515342712402
8.927123069763184,958,2456942,0.15056705474853516
8.959677696228027,959,2459588,0.15216326713562012
8.936256408691406,960,2462393,0.15081167221069336
8.956649780273438,961,2463039,0.013612031936645508
8.910849571228027,962,2465723,0.02560591697692871
8.928298950195312,963,2468374,0.02277851104736328
8.901124954223633,964,2471051,0.024627208709716797
8.918533325195312,965,2473718,0.022797822952270508
8.900577545166016,966,2476367,0.024608373641967773
8.922332763671875,967,2478954,0.024570703506469727
8.862479209899902,968,2481715,0.022564411163330078
8.938576698303223,969,2484453,0.15207695960998535
8.910698890686035,970,2487206,0.15056538581848145
8.896322250366211,971,2489825,0.023102521896362305
8.923810005187988,972,2492629,0.15195488929748535
8.894347190856934,973,2495249,0.02506089210510254
8.890835762023926,974,2497900,0.0227205753326416
8.917926788330078,975,2500560,0.0249021053314209
8.882234573364258,976,2503232,0.022451400756835938
8.88020133972168,977,2503908,0.013359785079956055
8.913201332092285,978,2506707,0.15329909324645996
8.879570007324219,979,2509400,0.023183584213256836
8.915339469909668,980,2512117,0.15223169326782227
8.893865585327148,981,2514806,0.0252988338470459
8.900800704956055,982,2517569,0.15137434005737305
8.918318748474121,983,2520398,0.1529097557067871
8.871574401855469,984,2523023,0.023186206817626953
8.888401985168457,985,2525690,0.023169755935668945
8.887831687927246,986,2528489,0.15260076522827148
8.911577224731445,987,2531098,0.02551555633544922
8.899125099182129,988,2533754,0.02460765838623047
8.881553649902344,989,2536472,0.024871349334716797
8.893239974975586,990,2539104,0.02486133575439453
8.879534721374512,991,2541806,0.022905826568603516
8.910665512084961,992,2544426,0.02485370635986328
8.82553768157959,993,2545122,0.013315439224243164
8.867176055908203,994,2547971,0.15299320220947266
8.913010597229004,995,2550746,0.150587797164917
8.859376907348633,996,2553420,0.02490520477294922
8.891986846923828,997,2556053,0.024777889251708984
8.874160766601562,998,2558692,0.02258467674255371
8.879387855529785,999,2561547,0.15003657341003418
8.886348724365234,1000,2564209,0.02349996566772461
8.889114379882812,1001,2566810,0.024899959564208984
8.869587898254395,1002,2569478,0.024638891220092773
8.899170875549316,1003,2572068,0.024587154388427734
8.873374938964844,1004,2574751,0.024789094924926758
8.888474464416504,1005,2577371,0.024425506591796875
8.884303092956543,1006,2580058,0.024671077728271484
8.813196182250977,1007,2582826,0.02467489242553711
8.8762845993042,1008,2585436,0.024515867233276367
8.839104652404785,1009,2586106,0.013791561126708984
8.860269546508789,1010,2588781,0.024079322814941406
8.854609489440918,1011,2591465,0.02282571792602539
8.874528884887695,1012,2594265,0.14967060089111328
8.884064674377441,1013,2597001,0.15252995491027832
8.854304313659668,1014,2599691,0.025306224822998047
8.8609037399292,1015,2602351,0.029160499572753906
8.89421272277832,1016,2605003,0.0226900577545166
8.861757278442383,1017,2607666,0.024504423141479492
8.830729484558105,1018,2610378,0.024764299392700195
8.875984191894531,1019,2613050,0.15240120887756348
8.857300758361816,1020,2615757,0.15156817436218262
8.838196754455566,1021,2618464,0.02762603759765625
8.860311508178711,1022,2621129,0.024981260299682617
8.853530883789062,1023,2623755,0.024829626083374023
8.856419563293457,1024,2626371,0.024793386459350586
8.826700210571289,1025,2627046,0.013808965682983398
8.839094161987305,1026,2629758,0.02610611915588379
8.85822868347168,1027,2632520,0.151106595993042
8.833828926086426,1028,2635241,0.0229949951171875
8.8700532913208,1029,2637967,0.1515672206878662
8.857616424560547,1030,2640660,0.025327444076538086
8.82984733581543,1031,2643347,0.02517414093017578
8.823420524597168,1032,2646183,0.15253376960754395
8.802959442138672,1033,2648872,0.023289203643798828
8.85756778717041,1034,2651499,0.024805784225463867
8.838176727294922,1035,2654101,0.024692535400390625
8.84082317352295,1036,2656895,0.15111613273620605
8.854212760925293,1037,2659605,0.15078282356262207
8.846254348754883,1038,2662292,0.02753424644470215
8.845090866088867,1039,2665073,0.1500701904296875
8.847941398620605,1040,2667744,0.02923274040222168
8.836775779724121,1041,2668404,0.012885332107543945
8.845584869384766,1042,2671030,0.023540735244750977
8.851030349731445,1043,2673637,0.024784326553344727
8.822973251342773,1044,2676333,0.022658586502075195
8.839685440063477,1045,2679043,0.15042328834533691
8.786483764648438,1046,2681783,0.025138378143310547
8.799148559570312,1047,2684510,0.027314424514770508
8.843708038330078,1048,2687187,0.024875402450561523
8.832225799560547,1049,2689847,0.02717900276184082
8.809012413024902,1050,2692571,0.15094852447509766
8.832128524780273,1051,2695292,0.025226593017578125
8.800525665283203,1052,2697962,0.024729490280151367
8.838695526123047,1053,2700568,0.02477574348449707
8.836605072021484,1054,2703205,0.024805307388305664
8.844381332397461,1055,2705843,0.024649381637573242
8.821771621704102,1056,2708554,0.02498769760131836
8.775238990783691,1057,2709227,0.013427972793579102
8.808497428894043,1058,2711863,0.02649521827697754
8.829421997070312,1059,2714483,0.025099992752075195
8.832454681396484,1060,2717230,0.15234994888305664
8.816615104675293,1061,2719851,0.025750398635864258
8.766737937927246,1062,2722561,0.02310657501220703
8.783510208129883,1063,2725421,0.1517333984375
8.806897163391113,1064,2728127,0.02337932586669922
8.787603378295898,1065,2730861,0.027266263961791992
8.809284210205078,1066,2733574,0.024940967559814453
8.797669410705566,1067,2736251,0.024869680404663086
8.809401512145996,1068,2738961,0.026862144470214844
8.83285903930664,1069,2741594,0.02899932861328125
8.815125465393066,1070,2744346,0.14976787567138672
8.810912132263184,1071,2747121,0.15244626998901367
8.794370651245117,1072,2749813,0.025455474853515625
8.803056716918945,1073,2750467,0.013068437576293945
8.770496368408203,1074,2753207,0.02564239501953125
8.765936851501465,1075,2755933,0.025025606155395508
8.824334144592285,1076,2758577,0.1504514217376709
8.770151138305664,1077,2761280,0.024864673614501953
8.851215362548828,1078,2763928,0.15030789375305176
8.802906036376953,1079,2766728,0.1511545181274414
8.789844512939453,1080,2769376,0.023092031478881836
8.798667907714844,1081,2772066,0.027350187301635742
8.780486106872559,1082,2774798,0.02298140525817871
8.757583618164062,1083,2777592,0.02464461326599121
8.77466869354248,1084,2780228,0.024688243865966797
8.788850784301758,1085,2782917,0.024895668029785156
8.789780616760254,1086,2785550,0.024830102920532227
8.768523216247559,1087,2788267,0.022731781005859375
8.767660140991211,1088,2790937,0.024678468704223633
8.803930282592773,1089,2791586,0.013185262680053711
8.785662651062012,1090,2794337,0.025951147079467773
8.787163734436035,1091,2796976,0.024716615676879883
8.78853702545166,1092,2799674,0.02459239959716797
8.77981185913086,1093,2802355,0.024810075759887695
8.79860782623291,1094,2805044,0.024748802185058594
8.780959129333496,1095,2807741,0.024662494659423828
8.768391609191895,1096,2810432,0.0246279239654541
8.781058311462402,1097,2813069,0.02700495719909668
8.75858211517334,1098,2815818,0.15088725090026855
8.765445709228516,1099,2818556,0.15060806274414062
8.78759479522705,1100,2821191,0.025046348571777344
8.80561637878418,1101,2823799,0.02917337417602539
8.770201683044434,1102,2826484,0.02454853057861328
8.775691032409668,1103,2829125,0.02270030975341797
8.783064842224121,1104,2831779,0.02697610855102539
8.714768409729004,1105,2832465,0.013071298599243164
8.75039005279541,1106,2835139,0.025851726531982422
8.789735794067383,1107,2837771,0.027062177658081055
8.76388931274414,1108,2840504,0.024674654006958008
8.776220321655273,1109,2843154,0.02275848388671875
8.784680366516113,1110,2845806,0.024740219116210938
8.799769401550293,1111,2848422,0.024883508682250977
8.776429176330566,1112,2851037,0.0227200984954834
8.743651390075684,1113,2853771,0.1518247127532959
8.759187698364258,1114,2856352,0.024675369262695312
8.803176879882812,1115,2859060,0.15020418167114258
8.738984107971191,1116,2861745,0.024710655212402344
8.766227722167969,1117,2864375,0.027048587799072266
8.730988502502441,1118,2867055,0.0249025821685791
8.76304817199707,1119,2869723,0.02464914321899414
8.797380447387695,1120,2872516,0.15021061897277832
8.788714408874512,1121,2873157,0.01339411735534668
8.746999740600586,1122,2875763,0.028590917587280273
8.791269302368164,1123,2878451,0.1531224250793457
8.778286933898926,1124,2881312,0.15550661087036133
8.741632461547852,1125,2884021,0.029539108276367188
8.76994800567627,1126,2886623,0.028046607971191406
8.762490272521973,1127,2889261,0.02998971939086914
8.721709251403809,1128,2891995,0.02990579605102539
8.784801483154297,1129,2894659,0.15683889389038086
8.746567726135254,1130,2897319,0.029623746871948242
8.751617431640625,1131,2900010,0.02828812599182129
8.731531143188477,1132,2902734,0.03223466873168945
8.780617713928223,1133,2905522,0.15291953086853027
8.717259407043457,1134,2908267,0.02566838264465332
8.734464645385742,1135,2910931,0.0252227783203125
8.731810569763184,1136,2913598,0.025414705276489258
8.795634269714355,1137,2914231,0.015956640243530273
8.730177879333496,1138,2916909,0.027068138122558594
8.762889862060547,1139,2919589,0.15460991859436035
8.747273445129395,1140,2922214,0.030854225158691406
8.724221229553223,1141,2924982,0.025838851928710938
8.72336196899414,1142,2927687,0.02943873405456543
8.71558666229248,1143,2930466,0.15172100067138672
8.713968276977539,1144,2933154,0.027456998825073242
8.738746643066406,1145,2935786,0.02603316307067871
8.803754806518555,1146,2938428,0.15326833724975586
8.724159240722656,1147,2941147,0.028589487075805664
8.738088607788086,1148,2943815,0.028031349182128906
8.732630729675293,1149,2946491,0.02765369415283203
8.71457290649414,1150,2949270,0.15482592582702637
8.69554328918457,1151,2952026,0.031170129776000977
8.773072242736816,1152,2954789,0.15421843528747559
8.692944526672363,1153,2955449,0.017357349395751953
8.727678298950195,1154,2958139,0.15361595153808594
8.716756820678711,1155,2960838,0.02585887908935547
8.712963104248047,1156,2963542,0.025353431701660156
8.739664077758789,1157,2966357,0.1525859832763672
8.68889331817627,1158,2969063,0.025667905807495117
8.693550109863281,1159,2971758,0.023121356964111328
8.71243667602539,1160,2974452,0.025073766708374023
8.74695110321045,1161,2977022,0.02526688575744629
8.72437858581543,1162,2979684,0.025129079818725586
8.702019691467285,1163,2982393,0.02506875991821289
8.746811866760254,1164,2985022,0.025132417678833008
8.723105430603027,1165,2987718,0.15042972564697266
8.700371742248535,1166,2990405,0.025258541107177734
8.709216117858887,1167,2993078,0.025002479553222656
8.744112968444824,1168,2995771,0.15104198455810547
8.68993854522705,1169,2996453,0.014556884765625
8.7018404006958,1170,2999148,0.026261329650878906
8.725886344909668,1171,3001823,0.025213241577148438
8.68545913696289,1172,3004590,0.0252077579498291
8.711564064025879,1173,3007317,0.1503620147705078
8.714935302734375,1174,3010015,0.02547740936279297
8.705967903137207,1175,3012695,0.02289891242980957
8.702738761901855,1176,3015388,0.027289390563964844
8.679906845092773,1177,3018092,0.029489517211914062
8.736838340759277,1178,3020759,0.1512289047241211
8.700891494750977,1179,3023368,0.02373814582824707
8.720471382141113,1180,3025981,0.025297880172729492
8.700730323791504,1181,3028748,0.02530503273010254
8.696233749389648,1182,3031351,0.02324962615966797
8.65658187866211,1183,3034018,0.025231361389160156
8.696903228759766,1184,3036707,0.025768756866455078
8.760446548461914,1185,3037359,0.014199495315551758
8.695599555969238,1186,3040013,0.026362895965576172
8.717806816101074,1187,3042768,0.15065813064575195
8.68313980102539,1188,3045462,0.025252342224121094
8.735194206237793,1189,3048173,0.15143132209777832
8.67574405670166,1190,3050851,0.025274038314819336
8.669522285461426,1191,3053581,0.025065183639526367
8.673120498657227,1192,3056274,0.027391672134399414
8.685667037963867,1193,3058927,0.023424148559570312
8.671833038330078,1194,3061623,0.025156259536743164
8.664400100708008,1195,3064379,0.023189067840576172
8.6643648147583,1196,3067084,0.027622461318969727
8.702866554260254,1197,3069699,0.030068397521972656
8.6670503616333,1198,3072292,0.027810335159301758
8.69819164276123,1199,3074943,0.02779102325439453
8.697929382324219,1200,3077694,0.15464520454406738
8.627488136291504,1201,3078340,0.018140792846679688
8.633254051208496,1202,3081075,0.028368711471557617
8.702861785888672,1203,3083851,0.1538379192352295
8.677590370178223,1204,3086492,0.02913355827331543
8.66954517364502,1205,3089142,0.028575658798217773
8.641550064086914,1206,3091844,0.02816462516784668
8.672077178955078,1207,3094605,0.1535043716430664
8.682852745056152,1208,3097282,0.028498411178588867
8.678211212158203,1209,3099927,0.030275821685791016
8.68355655670166,1210,3102704,0.15529322624206543
8.67751693725586,1211,3105353,0.029152631759643555
8.667153358459473,1212,3108054,0.028720855712890625
8.652078628540039,1213,3110768,0.02687358856201172
8.711891174316406,1214,3113633,0.15612459182739258
8.650168418884277,1215,3116318,0.02977156639099121
8.674476623535156,1216,3119158,0.1564950942993164
8.658843040466309,1217,3119796,0.018482685089111328
8.61497688293457,1218,3122533,0.029065370559692383
8.672164916992188,1219,3125157,0.026953935623168945
8.679756164550781,1220,3127817,0.030161619186401367
8.677484512329102,1221,3130469,0.02819657325744629
8.633658409118652,1222,3133147,0.0262448787689209
8.640569686889648,1223,3135825,0.02798151969909668
8.658946990966797,1224,3138501,0.028136253356933594
8.674196243286133,1225,3141103,0.02639150619506836
8.662114143371582,1226,3143807,0.1536426544189453
8.62520980834961,1227,3146533,0.02636575698852539
8.665246963500977,1228,3149221,0.15356135368347168
8.672691345214844,1229,3151857,0.026423931121826172
8.670108795166016,1230,3154555,0.1544792652130127
8.635682106018066,1231,3157249,0.027115345001220703
8.65926456451416,1232,3159928,0.028108835220336914
8.648557662963867,1233,3160571,0.016656160354614258
8.639199256896973,1234,3163176,0.031461238861083984
8.683176040649414,1235,3165804,0.15265703201293945
8.66138744354248,1236,3168401,0.026385068893432617
8.6290922164917,1237,3171157,0.15159249305725098
8.630229949951172,1238,3173830,0.028607606887817383
8.597658157348633,1239,3176592,0.03221440315246582
8.617897987365723,1240,3179318,0.028880834579467773
8.642770767211914,1241,3182054,0.15357661247253418
8.610406875610352,1242,3184701,0.02692246437072754
8.618106842041016,1243,3187392,0.02808380126953125
8.629288673400879,1244,3190156,0.1542654037475586
8.621420860290527,1245,3192838,0.028416156768798828
8.606934547424316,1246,3195531,0.028080224990844727
8.619073867797852,1247,3198205,0.029464244842529297
8.622881889343262,1248,3200907,0.026365280151367188
8.657621383666992,1249,3201584,0.016777515411376953
8.608540534973145,1250,3204317,0.026752471923828125
8.639212608337402,1251,3206925,0.02327728271484375
8.638458251953125,1252,3209713,0.15076708793640137
8.642980575561523,1253,3212356,0.029633283615112305
8.630338668823242,1254,3214970,0.02303314208984375
8.609322547912598,1255,3217819,0.15192651748657227
8.61451244354248,1256,3220485,0.025532960891723633
8.590068817138672,1257,3223227,0.02508091926574707
8.634649276733398,1258,3225985,0.15184712409973145
8.610079765319824,1259,3228689,0.02553725242614746
8.608633041381836,1260,3231522,0.15321993827819824
8.604743957519531,1261,3234256,0.025761127471923828
8.601044654846191,1262,3236955,0.02799391746520996
8.663039207458496,1263,3239706,0.15227413177490234
8.600801467895508,1264,3242419,0.0266878604888916
8.578019142150879,1265,3243077,0.013912677764892578
8.602028846740723,1266,3245717,0.0243682861328125
8.576340675354004,1267,3248392,0.024952411651611328
8.600096702575684,1268,3251065,0.024866580963134766
8.589208602905273,1269,3253753,0.02729630470275879
8.594985008239746,1270,3256499,0.15079450607299805
8.644072532653809,1271,3259183,0.15232300758361816
8.569318771362305,1272,3261939,0.025460004806518555
8.58985424041748,1273,3264685,0.15231966972351074
8.572505950927734,1274,3267390,0.029874324798583984
8.605393409729004,1275,3270050,0.023090600967407227
8.604622840881348,1276,3272635,0.02500605583190918
8.600252151489258,1277,3275277,0.022968769073486328
8.606919288635254,1278,3278077,0.15063834190368652
8.525667190551758,1279,3280820,0.023476362228393555
8.587057113647461,1280,3283423,0.023039817810058594
8.612146377563477,1281,3284157,0.04489731788635254
8.58642864227295,1282,3286844,0.02626967430114746
8.575587272644043,1283,3289541,0.02495265007019043
8.590126991271973,1284,3292240,0.027251243591308594
8.574800491333008,1285,3294908,0.02882242202758789
8.609728813171387,1286,3297622,0.15331673622131348
8.574760437011719,1287,3300251,0.02649855613708496
8.595111846923828,1288,3302894,0.027929067611694336
8.543224334716797,1289,3305582,0.028319120407104492
8.533310890197754,1290,3308354,0.025189638137817383
8.583977699279785,1291,3311056,0.025153398513793945
8.576849937438965,1292,3313746,0.026726484298706055
8.583020210266113,1293,3316456,0.1502244472503662
8.607223510742188,1294,3319059,0.03410983085632324
8.57966136932373,1295,3321798,0.15302252769470215
8.610093116760254,1296,3324584,0.15132522583007812
8.592549324035645,1297,3325246,0.013128995895385742
8.564898490905762,1298,3327991,0.026808500289916992
8.538385391235352,1299,3330662,0.02480912208557129
8.590641975402832,1300,3333225,0.02478480339050293
8.596168518066406,1301,3335985,0.15016722679138184
8.543866157531738,1302,3338712,0.025384902954101562
8.570834159851074,1303,3341504,0.14960145950317383
8.555954933166504,1304,3344093,0.025099992752075195
8.582971572875977,1305,3346806,0.1539781093597412
8.545044898986816,1306,3349448,0.02598857879638672
8.501951217651367,1307,3352136,0.025327682495117188
8.572094917297363,1308,3354823,0.15253400802612305
8.550835609436035,1309,3357549,0.02623128890991211
8.53444766998291,1310,3360241,0.02783346176147461
8.546854019165039,1311,3362909,0.025396108627319336
8.512962341308594,1312,3365608,0.02751326560974121
8.51529598236084,1313,3366272,0.013663053512573242
8.56287956237793,1314,3368903,0.024671554565429688
8.570201873779297,1315,3371583,0.025200605392456055
8.596750259399414,1316,3374135,0.025142192840576172
8.551466941833496,1317,3376853,0.1505906581878662
8.556279182434082,1318,3379549,0.15296578407287598
8.566503524780273,1319,3382195,0.028136253356933594
8.548894882202148,1320,3385036,0.15169358253479004
8.515830039978027,1321,3387754,0.02382063865661621
8.537763595581055,1322,3390330,0.025763511657714844
8.55145263671875,1323,3393085,0.15182995796203613
8.50924015045166,1324,3395941,0.15138840675354004
8.550214767456055,1325,3398589,0.027507543563842773
8.544062614440918,1326,3401256,0.02481985092163086
8.552420616149902,1327,3403901,0.024518728256225586
8.523507118225098,1328,3406603,0.02251434326171875
8.488296508789062,1329,3407280,0.012924671173095703
8.511249542236328,1330,3410048,0.02535080909729004
8.515551567077637,1331,3412775,0.02463388442993164
8.548471450805664,1332,3415422,0.024675846099853516
8.517763137817383,1333,3418178,0.024576663970947266
8.50378131866455,1334,3420862,0.022458314895629883
8.51793098449707,1335,3423513,0.024522066116333008
8.534198760986328,1336,3426191,0.02451777458190918
8.530674934387207,1337,3428835,0.022721052169799805
8.532663345336914,1338,3431525,0.02465057373046875
8.535604476928711,1339,3434184,0.022528648376464844
8.571261405944824,1340,3436885,0.1499803066253662
8.51406192779541,1341,3439543,0.026911258697509766
8.526413917541504,1342,3442246,0.027392864227294922
8.53622817993164,1343,3444865,0.024709224700927734
8.518845558166504,1344,3447522,0.02465200424194336
8.584367752075195,1345,3448114,0.012830495834350586
8.502625465393066,1346,3450811,0.025624752044677734
8.537285804748535,1347,3453403,0.024664878845214844
8.490386009216309,1348,3456087,0.02259349822998047
8.524984359741211,1349,3458808,0.14943456649780273
8.513754844665527,1350,3461468,0.02273702621459961
8.527251243591309,1351,3464245,0.15080499649047852
8.46747875213623,1352,3466968,0.02520751953125
8.506389617919922,1353,3469622,0.022756099700927734
8.479092597961426,1354,3472319,0.022672176361083984
8.502991676330566,1355,3475065,0.1514589786529541
8.50600814819336,1356,3477749,0.025049686431884766
8.512967109680176,1357,3480466,0.15270638465881348
8.541741371154785,1358,3483083,0.02509331703186035
8.55173110961914,1359,3485638,0.022892236709594727
8.487279891967773,1360,3488315,0.024852275848388672
8.460502624511719,1361,3488979,0.013364791870117188
8.471954345703125,1362,3491678,0.026035547256469727
8.486169815063477,1363,3494342,0.024686336517333984
8.495893478393555,1364,3497056,0.15026426315307617
8.527844429016113,1365,3499791,0.15195989608764648
8.507402420043945,1366,3502512,0.15186858177185059
8.449979782104492,1367,3505248,0.025430679321289062
8.478516578674316,1368,3507982,0.15282249450683594
8.507718086242676,1369,3510702,0.1525723934173584
8.523371696472168,1370,3513306,0.02585887908935547
8.487479209899902,1371,3515986,0.025192975997924805
8.504142761230469,1372,3518643,0.15266203880310059
8.476993560791016,1373,3521304,0.025368452072143555
8.46750259399414,1374,3524010,0.025191783905029297
8.49432373046875,1375,3526633,0.02465987205505371
8.481358528137207,1376,3529331,0.024825334548950195
8.410709381103516,1377,3530014,0.013515472412109375
8.505589485168457,1378,3532658,0.025634765625
8.468293190002441,1379,3535328,0.027081727981567383
8.516334533691406,1380,3538056,0.1498558521270752
8.471450805664062,1381,3540734,0.025119304656982422
8.480012893676758,1382,3543327,0.024855375289916992
8.456011772155762,1383,3546031,0.02270817756652832
8.47592830657959,1384,3548727,0.02442789077758789
8.50483226776123,1385,3551349,0.02264690399169922
8.486604690551758,1386,3553972,0.0246126651763916
8.465699195861816,1387,3556680,0.026993513107299805
8.472290992736816,1388,3559317,0.02272939682006836
8.465373039245605,1389,3562009,0.02451157569885254
8.468626976013184,1390,3564661,0.024860382080078125
8.470772743225098,1391,3567347,0.02469778060913086
8.447693824768066,1392,3570009,0.024631261825561523
8.53329849243164,1393,3570720,0.04471468925476074
8.449103355407715,1394,3573370,0.025373220443725586
8.48676872253418,1395,3576214,0.15055012702941895
8.463920593261719,1396,3578914,0.024950027465820312
8.42055606842041,1397,3581586,0.02488255500793457
8.4588041305542,1398,3584321,0.024594545364379883
8.473796844482422,1399,3586927,0.02479267120361328
8.442353248596191,1400,3589598,0.024895668029785156
8.46157169342041,1401,3592222,0.02464747428894043
8.463138580322266,1402,3594882,0.027036428451538086
8.425987243652344,1403,3597570,0.025297164916992188
8.417765617370605,1404,3600276,0.022960186004638672
8.449295043945312,1405,3602934,0.026233673095703125
8.431502342224121,1406,3605665,0.028512001037597656
8.45760726928711,1407,3608282,0.023134946823120117
8.46541976928711,1408,3610980,0.025061607360839844
8.399989128112793,1409,3611619,0.013448476791381836
8.499334335327148,1410,3614322,0.15173912048339844
8.433462142944336,1411,3617036,0.023568153381347656
8.438517570495605,1412,3619773,0.15180516242980957
8.472922325134277,1413,3622448,0.02541494369506836
8.41811466217041,1414,3625191,0.025092601776123047
8.40504264831543,1415,3627947,0.025080204010009766
8.407835960388184,1416,3630647,0.029134511947631836
8.45239543914795,1417,3633238,0.02353215217590332
8.457564353942871,1418,3635962,0.15349626541137695
8.416498184204102,1419,3638773,0.15109610557556152
8.46606159210205,1420,3641499,0.15193700790405273
8.424232482910156,1421,3644160,0.02543330192565918
8.415203094482422,1422,3646926,0.02459573745727539
8.456771850585938,1423,3649654,0.1515343189239502
8.399701118469238,1424,3652329,0.027587175369262695
8.407644271850586,1425,3652979,0.01317596435546875
8.393424034118652,1426,3655722,0.02641010284423828
8.435304641723633,1427,3658384,0.024863243103027344
8.441113471984863,1428,3660990,0.024910688400268555
8.410473823547363,1429,3663660,0.024986982345581055
8.411572456359863,1430,3666368,0.027102231979370117
8.43791389465332,1431,3669105,0.15181303024291992
8.431551933288574,1432,3671907,0.15047812461853027
8.39665412902832,1433,3674549,0.023085832595825195
8.444637298583984,1434,3677202,0.024760961532592773
8.398361206054688,1435,3679887,0.024989843368530273
8.43205738067627,1436,3682664,0.1502981185913086
8.434883117675781,1437,3685406,0.15109682083129883
8.390501976013184,1438,3688071,0.025011777877807617
8.433920860290527,1439,3690688,0.024875640869140625
8.430965423583984,1440,3693339,0.024975299835205078
8.361418724060059,1441,3693981,0.013954401016235352
8.359631538391113,1442,3696774,0.15239977836608887
8.42729377746582,1443,3699441,0.024955272674560547
8.414064407348633,1444,3702108,0.02723240852355957
8.447929382324219,1445,3704813,0.15154719352722168
8.402166366577148,1446,3707550,0.15251588821411133
8.428915977478027,1447,3710308,0.151383638381958
8.412233352661133,1448,3713106,0.15232276916503906
8.431148529052734,1449,3715808,0.1503162384033203
8.375029563903809,1450,3718469,0.024776935577392578
8.384742736816406,1451,3721219,0.026962757110595703
8.356934547424316,1452,3723936,0.02490830421447754
8.416353225708008,1453,3726608,0.027137041091918945
8.388130187988281,1454,3729328,0.027046680450439453
8.429977416992188,1455,3732035,0.15018463134765625
8.386631965637207,1456,3734719,0.02511429786682129
8.468668937683105,1457,3735354,0.013573884963989258
8.419774055480957,1458,3738002,0.02566981315612793
8.401837348937988,1459,3740865,0.15219354629516602
8.387584686279297,1460,3743611,0.15067625045776367
8.392167091369629,1461,3746260,0.023046255111694336
8.371834754943848,1462,3748939,0.02910327911376953
8.418155670166016,1463,3751658,0.1507740020751953
8.365689277648926,1464,3754358,0.025304555892944336
8.4066162109375,1465,3757059,0.024864673614501953
8.390925407409668,1466,3759698,0.024638891220092773
8.391036987304688,1467,3762350,0.024813413619995117
8.370035171508789,1468,3765098,0.027083635330200195
8.372579574584961,1469,3767693,0.024875640869140625
8.363529205322266,1470,3770373,0.02463531494140625
8.335027694702148,1471,3773139,0.024819135665893555
8.407211303710938,1472,3775848,0.15027070045471191
8.362062454223633,1473,3776522,0.013242006301879883
8.380810737609863,1474,3779255,0.15128827095031738
8.327199935913086,1475,3781985,0.02523493766784668
8.384201049804688,1476,3784692,0.15102171897888184
8.38332462310791,1477,3787382,0.15092253684997559
8.371668815612793,1478,3790154,0.1514892578125
8.385749816894531,1479,3792769,0.025236845016479492
8.380775451660156,1480,3795605,0.15106916427612305
8.370803833007812,1481,3798336,0.15174627304077148
8.364818572998047,1482,3800968,0.023403406143188477
8.306771278381348,1483,3803659,0.024964094161987305
8.316685676574707,1484,3806425,0.024786949157714844
8.374471664428711,1485,3809052,0.022898197174072266
8.372570037841797,1486,3811799,0.15012478828430176
8.374263763427734,1487,3814501,0.1513075828552246
8.367063522338867,1488,3817186,0.15166711807250977
8.42347526550293,1489,3817864,0.0449981689453125
8.358185768127441,1490,3820541,0.025879383087158203
8.387027740478516,1491,3823218,0.024675846099853516
8.330304145812988,1492,3825891,0.02491474151611328
8.299142837524414,1493,3828661,0.02928781509399414
8.33700942993164,1494,3831384,0.0227811336517334
8.352987289428711,1495,3834038,0.024759531021118164
8.355615615844727,1496,3836679,0.02481842041015625
8.339993476867676,1497,3839333,0.024453163146972656
8.382862091064453,1498,3842192,0.15014433860778809
8.32359790802002,1499,3844988,0.1512610912322998
8.339302062988281,1500,3847649,0.025028705596923828
8.34186840057373,1501,3850295,0.024509906768798828
8.37454605102539,1502,3853032,0.15147972106933594
8.34531021118164,1503,3855642,0.02490973472595215
8.356888771057129,1504,3858215,0.023004770278930664
8.345349311828613,1505,3858881,0.013264656066894531
8.29694652557373,1506,3861554,0.02806544303894043
8.313931465148926,1507,3864351,0.14870715141296387
8.330916404724121,1508,3867097,0.1511063575744629
8.320948600769043,1509,3869792,0.022848844528198242
8.323235511779785,1510,3872436,0.024840593338012695
8.313562393188477,1511,3875136,0.15131545066833496
8.30340576171875,1512,3877815,0.02497410774230957
8.311135292053223,1513,3880509,0.02496933937072754
8.315763473510742,1514,3883181,0.022625207901000977
8.314460754394531,1515,3885932,0.14886879920959473
8.342881202697754,1516,3888717,0.15189671516418457
8.294503211975098,1517,3891433,0.025594472885131836
8.323297500610352,1518,3894045,0.024759292602539062
8.295283317565918,1519,3896744,0.024921178817749023
8.30750846862793,1520,3899381,0.024556875228881836
8.274847030639648,1521,3900043,0.013161420822143555
8.28123950958252,1522,3902718,0.025287389755249023
8.285906791687012,1523,3905466,0.02484297752380371
8.318110466003418,1524,3908186,0.15010714530944824
8.313227653503418,1525,3910836,0.023052692413330078
8.306909561157227,1526,3913446,0.024689435958862305
8.282418251037598,1527,3916279,0.15056419372558594
8.324127197265625,1528,3918987,0.15117883682250977
8.30356502532959,1529,3921728,0.024948596954345703
8.274683952331543,1530,3924456,0.02465987205505371
8.277885437011719,1531,3927128,0.02494359016418457
8.335238456726074,1532,3929756,0.02490091323852539
8.296429634094238,1533,3932441,0.025158405303955078
8.30718994140625,1534,3935080,0.022973299026489258
8.308526992797852,1535,3937785,0.15032196044921875
8.27554988861084,1536,3940471,0.0231320858001709
8.222033500671387,1537,3941145,0.013128280639648438
8.276117324829102,1538,3943845,0.025295257568359375
8.310016632080078,1539,3946640,0.14985251426696777
8.2788724899292,1540,3949307,0.025174379348754883
8.255424499511719,1541,3952032,0.024675369262695312
8.310639381408691,1542,3954749,0.15142035484313965
8.312666893005371,1543,3957398,0.025409698486328125
8.271476745605469,1544,3959986,0.029282569885253906
8.32017707824707,1545,3962589,0.02267622947692871
8.306875228881836,1546,3965220,0.024686098098754883
8.262810707092285,1547,3967950,0.022699356079101562
8.295464515686035,1548,3970693,0.15115642547607422
8.287360191345215,1549,3973406,0.15154576301574707
8.283215522766113,1550,3976042,0.025222301483154297
8.298042297363281,1551,3978654,0.0247800350189209
8.282364845275879,1552,3981414,0.1500263214111328
8.321585655212402,1553,3982077,0.013928890228271484
8.287009239196777,1554,3984728,0.025935888290405273
8.241755485534668,1555,3987434,0.022673845291137695
8.275762557983398,1556,3990222,0.15108180046081543
8.292405128479004,1557,3992847,0.023145198822021484
8.259200096130371,1558,3995667,0.1503894329071045
8.26932144165039,1559,3998360,0.024955272674560547
8.251313209533691,1560,4001083,0.024893522262573242
8.285653114318848,1561,4003688,0.026764392852783203
8.23316478729248,1562,4006376,0.024744033813476562
8.272175788879395,1563,4009121,0.1507880687713623
8.282206535339355,1564,4011720,0.022932767868041992
8.261382102966309,1565,4014470,0.15171384811401367
8.249899864196777,1566,4017110,0.023561954498291016
8.275357246398926,1567,4019769,0.02490687370300293
8.260353088378906,1568,4022409,0.024993419647216797
8.205033302307129,1569,4023082,0.013168096542358398
8.237016677856445,1570,4025763,0.023763656616210938
8.309072494506836,1571,4028469,0.14969301223754883
8.260173797607422,1572,4031230,0.15131640434265137
8.246195793151855,1573,4034038,0.15003442764282227
8.26053237915039,1574,4036792,0.15145015716552734
8.221373558044434,1575,4039492,0.025106191635131836
8.225772857666016,1576,4042325,0.15259885787963867
8.270950317382812,1577,4045076,0.1505124568939209
8.239794731140137,1578,4047745,0.033709049224853516
8.23509407043457,1579,4050474,0.024709701538085938
8.218214988708496,1580,4053161,0.024384737014770508
8.238419532775879,1581,4055827,0.024416446685791016
8.25600528717041,1582,4058482,0.024417400360107422
8.184889793395996,1583,4061111,0.024419784545898438
8.245506286621094,1584,4063707,0.024476051330566406
8.201334953308105,1585,4064390,0.013197660446166992
8.246186256408691,1586,4067120,0.15140819549560547
8.289709091186523,1587,4069839,0.15043354034423828
8.222907066345215,1588,4072561,0.02493882179260254
8.256614685058594,1589,4075171,0.02505660057067871
8.260910987854004,1590,4077786,0.024605274200439453
8.188298225402832,1591,4080492,0.024640798568725586
8.1946382522583,1592,4083205,0.024710893630981445
8.177648544311523,1593,4085951,0.024515390396118164
8.250186920166016,1594,4088640,0.15085744857788086
8.185962677001953,1595,4091328,0.025680065155029297
8.209831237792969,1596,4094013,0.023812294006347656
8.196870803833008,1597,4096713,0.02514958381652832
8.184433937072754,1598,4099453,0.024988889694213867
8.243107795715332,1599,4102189,0.15093636512756348
8.185221672058105,1600,4104878,0.02494645118713379
8.203103065490723,1601,4105514,0.012971639633178711
8.179146766662598,1602,4108182,0.025357484817504883
8.185680389404297,1603,4110878,0.024840593338012695
8.187774658203125,1604,4113547,0.022734642028808594
8.171880722045898,1605,4116310,0.022576332092285156
8.21364688873291,1606,4118944,0.02480316162109375
8.262946128845215,1607,4121577,0.02703571319580078
8.176533699035645,1608,4124260,0.022699832916259766
8.177983283996582,1609,4126904,0.029293298721313477
8.173847198486328,1610,4129715,0.15047049522399902
8.216914176940918,1611,4132504,0.1510303020477295
8.201672554016113,1612,4135228,0.15013647079467773
8.195239067077637,1613,4137941,0.024781227111816406
8.240690231323242,1614,4140639,0.15166330337524414
8.152883529663086,1615,4143316,0.030535459518432617
8.186555862426758,1616,4145933,0.024976253509521484
8.18681526184082,1617,4146582,0.013122320175170898
8.138277053833008,1618,4149336,0.15131592750549316
8.198734283447266,1619,4152060,0.15038037300109863
8.161617279052734,1620,4154787,0.025056123733520508
8.166584014892578,1621,4157484,0.022715330123901367
8.195438385009766,1622,4160129,0.022823572158813477
8.169805526733398,1623,4162771,0.027168750762939453
8.199664115905762,1624,4165388,0.024739980697631836
8.204851150512695,1625,4168118,0.15141916275024414
8.200194358825684,1626,4170803,0.15021252632141113
8.165762901306152,1627,4173494,0.025008201599121094
8.14177417755127,1628,4176273,0.02696847915649414
8.169568061828613,1629,4178929,0.02469491958618164
8.114367485046387,1630,4181662,0.025035381317138672
8.177009582519531,1631,4184287,0.024689912796020508
8.172391891479492,1632,4187049,0.14976739883422852
8.1328125,1633,4187739,0.013861894607543945
8.114914894104004,1634,4190461,0.029636621475219727
8.205405235290527,1635,4193130,0.1497189998626709
8.240730285644531,1636,4195814,0.1521751880645752
8.158392906188965,1637,4198478,0.023179292678833008
8.135374069213867,1638,4201262,0.024989604949951172
8.149333953857422,1639,4203978,0.15202569961547852
8.198151588439941,1640,4206654,0.15031695365905762
8.148773193359375,1641,4209478,0.1512913703918457
8.14632797241211,1642,4212360,0.15168428421020508
8.168548583984375,1643,4215019,0.025059938430786133
8.153829574584961,1644,4217689,0.02507948875427246
8.156892776489258,1645,4220302,0.027247905731201172
8.180985450744629,1646,4222923,0.025471925735473633
8.090991973876953,1647,4225649,0.022909879684448242
8.150406837463379,1648,4228277,0.02484893798828125
8.148628234863281,1649,4228918,0.012954473495483398
8.1514310836792,1650,4231592,0.025832176208496094
8.148565292358398,1651,4234233,0.024850845336914062
8.137604713439941,1652,4236936,0.022942543029785156
8.17464828491211,1653,4239640,0.15183711051940918
8.135689735412598,1654,4242292,0.02492499351501465
8.12083911895752,1655,4245024,0.024911880493164062
8.091976165771484,1656,4247739,0.024715185165405273
8.138608932495117,1657,4250423,0.02713489532470703
8.153416633605957,1658,4253134,0.15032219886779785
8.162759780883789,1659,4255866,0.1512444019317627
8.078879356384277,1660,4258573,0.027164936065673828
8.14929485321045,1661,4261170,0.024950504302978516
8.078170776367188,1662,4263956,0.024885892868041992
8.1389741897583,1663,4266696,0.14990782737731934
8.095815658569336,1664,4269390,0.024718046188354492
8.175765991210938,1665,4270038,0.013692140579223633
8.111139297485352,1666,4272751,0.02463364601135254
8.093772888183594,1667,4275431,0.024991273880004883
8.14905071258545,1668,4278152,0.027057886123657227
8.126341819763184,1669,4280863,0.024692773818969727
8.12413501739502,1670,4283562,0.15037775039672852
8.12641716003418,1671,4286178,0.025081634521484375
8.09203052520752,1672,4288874,0.024708986282348633
8.109903335571289,1673,4291623,0.14974451065063477
8.074533462524414,1674,4294320,0.02484893798828125
8.124566078186035,1675,4296958,0.024828433990478516
8.097837448120117,1676,4299725,0.1496889591217041
8.074325561523438,1677,4302432,0.024874448776245117
8.079267501831055,1678,4305107,0.024695634841918945
8.11229419708252,1679,4307787,0.14966440200805664
8.074804306030273,1680,4310461,0.023035764694213867
8.0949125289917,1681,4311112,0.013735771179199219
8.111978530883789,1682,4313768,0.02553844451904297
8.146354675292969,1683,4316377,0.024721145629882812
8.127403259277344,1684,4319059,0.024899005889892578
8.112887382507324,1685,4321736,0.024973154067993164
8.038680076599121,1686,4324528,0.024730205535888672
8.110530853271484,1687,4327226,0.027110576629638672
8.075732231140137,1688,4329930,0.024684667587280273
8.101205825805664,1689,4332508,0.02711772918701172
8.070866584777832,1690,4335156,0.0248260498046875
8.106359481811523,1691,4337857,0.1512298583984375
