6.730739593505859,2,52398,0.41606712341308594
6.733346462249756,3,104797,0.04427981376647949
6.7308502197265625,4,157196,0.07201862335205078
6.731271743774414,5,209595,0.049497127532958984
6.729930400848389,6,261994,0.04707980155944824
6.728604316711426,7,314393,0.04681730270385742
6.726467132568359,8,366792,0.04707455635070801
6.722474098205566,9,419191,0.04649233818054199
6.720840930938721,10,471590,0.04537677764892578
6.715726375579834,11,523989,0.045548439025878906
6.713200092315674,12,576388,0.04543352127075195
6.707362174987793,13,628787,0.04555392265319824
6.703271865844727,14,681186,0.04548525810241699
6.697815895080566,15,733585,0.045229196548461914
6.692425727844238,16,785984,0.04535388946533203
6.6843953132629395,17,838383,0.0458827018737793
6.676878929138184,18,890782,0.045624732971191406
6.67092752456665,19,943181,0.04537534713745117
6.659983158111572,20,995580,0.04543566703796387
6.652589321136475,21,1047979,0.04568767547607422
6.6463398933410645,22,1100378,0.045308589935302734
6.634521961212158,23,1152777,0.04535531997680664
6.624228477478027,24,1205176,0.04543757438659668
6.614351749420166,25,1257575,0.04522418975830078
6.602332592010498,26,1309974,0.04559183120727539
6.5892014503479,27,1362373,0.045645713806152344
6.579573631286621,28,1414772,0.04532957077026367
6.570491313934326,29,1467171,0.045195579528808594
6.555990695953369,30,1519570,0.045250892639160156
6.541055202484131,31,1571969,0.04513287544250488
6.527684688568115,32,1624368,0.04529690742492676
6.517281532287598,33,1676767,0.04529094696044922
6.500998497009277,34,1729166,0.04528379440307617
6.486145973205566,35,1781565,0.045241355895996094
6.473149299621582,36,1833964,0.045250892639160156
6.456215858459473,37,1886363,0.0449070930480957
6.443920612335205,38,1938762,0.045207977294921875
6.4266862869262695,39,1991161,0.045377492904663086
6.411562919616699,40,2043560,0.04523348808288574
6.3925395011901855,41,2095959,0.045090675354003906
6.37825345993042,42,2148358,0.045091867446899414
6.364707946777344,43,2200757,0.04517698287963867
6.3456010818481445,44,2253156,0.04495048522949219
6.337249755859375,45,2305555,0.04505181312561035
6.316462516784668,46,2357954,0.04501748085021973
6.299896240234375,47,2410353,0.045113563537597656
6.281692028045654,48,2462752,0.04517054557800293
6.266422748565674,49,2515151,0.04531264305114746
6.253138542175293,50,2567550,0.0453183650970459
6.234864234924316,51,2619949,0.045368194580078125
6.218417644500732,52,2672348,0.046433210372924805
6.216747283935547,53,2724747,0.04578661918640137
6.189878463745117,54,2777146,0.04529166221618652
6.1730637550354,55,2829545,0.04517722129821777
6.1582465171813965,56,2881944,0.04529285430908203
6.144993305206299,57,2934343,0.045198917388916016
6.13142204284668,58,2986742,0.045188188552856445
6.116166114807129,59,3039141,0.04522347450256348
6.097624778747559,60,3091540,0.04518699645996094
6.089868545532227,61,3143939,0.04516720771789551
6.070422649383545,62,3196338,0.0452265739440918
6.059511661529541,63,3248737,0.045187950134277344
6.045400142669678,64,3301136,0.04499077796936035
6.036812782287598,65,3353535,0.04483938217163086
6.018621444702148,66,3405934,0.04482007026672363
6.007768154144287,67,3458333,0.04511594772338867
5.99898624420166,68,3510732,0.04527020454406738
5.976474285125732,69,3563131,0.04500913619995117
5.973005294799805,70,3615530,0.04491901397705078
5.961602210998535,71,3667929,0.04488325119018555
5.9332756996154785,72,3720328,0.04489421844482422
5.922195911407471,73,3772727,0.04477381706237793
5.9146294593811035,74,3825126,0.044855594635009766
5.906325817108154,75,3877525,0.044855356216430664
5.899916648864746,76,3929924,0.04527020454406738
5.881792068481445,77,3982323,0.04500603675842285
5.865464687347412,78,4034722,0.04486274719238281
5.847194671630859,79,4087121,0.04476332664489746
5.8450822830200195,80,4139520,0.04477739334106445
5.830441951751709,81,4191919,0.04486656188964844
5.8173747062683105,82,4244318,0.04485750198364258
5.8076887130737305,83,4296717,0.044803619384765625
5.789283752441406,84,4349116,0.044870853424072266
5.7754926681518555,85,4401515,0.044809579849243164
5.7735915184021,86,4453914,0.04470467567443848
5.761689186096191,87,4506313,0.0449368953704834
5.749564170837402,88,4558712,0.044969797134399414
5.73621129989624,89,4611111,0.045017242431640625
5.726419925689697,90,4663510,0.04470491409301758
5.7265849113464355,91,4715909,0.044678688049316406
5.696786403656006,92,4768308,0.046442508697509766
5.689974784851074,93,4820707,0.04556775093078613
5.67441463470459,94,4873106,0.04510903358459473
5.664586544036865,95,4925505,0.04834485054016113
5.660519599914551,96,4977904,0.04488873481750488
5.6504340171813965,97,5030303,0.045516252517700195
5.6259565353393555,98,5082702,0.04556632041931152
5.62285041809082,99,5135101,0.04678177833557129
5.604735851287842,100,5187500,0.04479718208312988
5.5879807472229,101,5239899,0.04571652412414551
5.590144157409668,102,5292298,0.05532336235046387
5.574111461639404,103,5344697,0.04649996757507324
5.570753574371338,104,5397096,0.04701995849609375
5.556738376617432,105,5449495,0.0459897518157959
5.52913761138916,106,5501894,0.04572939872741699
5.524745464324951,107,5554293,0.04659843444824219
5.533468723297119,108,5606692,0.045665740966796875
5.50378942489624,109,5659091,0.045981645584106445
5.499949932098389,110,5711490,0.04765725135803223
5.488632678985596,111,5763889,0.0466160774230957
5.4747467041015625,112,5816288,0.045500755310058594
5.469216823577881,113,5868687,0.0452728271484375
5.461966514587402,114,5921086,0.04539895057678223
5.447943687438965,115,5973485,0.04543304443359375
5.446255683898926,116,6025884,0.04784750938415527
5.415111064910889,117,6078283,0.04616260528564453
5.408146858215332,118,6130682,0.045543670654296875
5.390717506408691,119,6183081,0.0453190803527832
5.378026962280273,120,6235480,0.045636653900146484
5.384138107299805,121,6287879,0.04769396781921387
5.367317199707031,122,6340278,0.04628634452819824
5.35577917098999,123,6392677,0.0468902587890625
5.3449296951293945,124,6445076,0.04753518104553223
5.341359615325928,125,6497475,0.046848297119140625
5.323775768280029,126,6549874,0.04610753059387207
5.328042030334473,127,6602273,0.04649949073791504
5.316758632659912,128,6654672,0.047852277755737305
5.304110527038574,129,6707071,0.04667520523071289
5.278281211853027,130,6759470,0.04617667198181152
5.276223659515381,131,6811869,0.04531669616699219
5.272800922393799,132,6864268,0.04605531692504883
5.25593376159668,133,6916667,0.04650306701660156
5.241805076599121,134,6969066,0.04513239860534668
5.251237392425537,135,7021465,0.04718327522277832
5.234300136566162,136,7073864,0.047020673751831055
5.215498924255371,137,7126263,0.045957088470458984
5.214389801025391,138,7178662,0.046156883239746094
5.1732401847839355,139,7231061,0.0458376407623291
5.196743965148926,140,7283460,0.04720783233642578
5.149604797363281,141,7335859,0.04762434959411621
5.149417877197266,142,7388258,0.04755687713623047
5.131711006164551,143,7440657,0.04647374153137207
5.115683555603027,144,7493056,0.04509377479553223
5.100532531738281,145,7545455,0.047029733657836914
5.100140571594238,146,7597854,0.04598236083984375
5.108801364898682,147,7650253,0.046614646911621094
5.043450355529785,148,7702652,0.04706001281738281
5.065152645111084,149,7755051,0.04703879356384277
5.069684982299805,150,7807450,0.045845985412597656
5.017953395843506,151,7859849,0.046527862548828125
5.01499080657959,152,7912248,0.04642367362976074
4.985649108886719,153,7964647,0.04631614685058594
5.009049415588379,154,8017046,0.0456233024597168
4.951953411102295,155,8069445,0.04491019248962402
4.9595136642456055,156,8121844,0.046624183654785156
4.956414222717285,157,8174243,0.04513716697692871
4.940616607666016,158,8226642,0.047636985778808594
4.9174299240112305,159,8279041,0.04593706130981445
4.930720329284668,160,8331440,0.04521989822387695
4.9212164878845215,161,8383839,0.046349525451660156
4.9059062004089355,162,8436238,0.045302391052246094
4.88216495513916,163,8488637,0.04484152793884277
4.862186908721924,164,8541036,0.046369314193725586
4.852323532104492,165,8593435,0.047438859939575195
4.81294584274292,166,8645834,0.046447038650512695
4.789499282836914,167,8698233,0.0455167293548584
4.796415328979492,168,8750632,0.04491615295410156
4.8422675132751465,169,8803031,0.04662680625915527
4.780693054199219,170,8855430,0.04531455039978027
4.751352310180664,171,8907829,0.04532957077026367
4.699748516082764,172,8960228,0.04563784599304199
4.729517459869385,173,9012627,0.04640555381774902
4.7062811851501465,174,9065026,0.04558229446411133
4.708418846130371,175,9117425,0.04688739776611328
4.721317768096924,176,9169824,0.04686141014099121
4.677801609039307,177,9222223,0.04578256607055664
4.691908359527588,178,9274622,0.045096635818481445
4.7012529373168945,179,9327021,0.0450894832611084
4.672189712524414,180,9379420,0.04627346992492676
4.698115348815918,181,9431819,0.04658055305480957
4.650057792663574,182,9484218,0.04512763023376465
4.711742401123047,183,9536617,0.045816659927368164
4.619871616363525,184,9589016,0.04467463493347168
4.651730537414551,185,9641415,0.04549980163574219
4.683700084686279,186,9693814,0.04622292518615723
4.623398303985596,187,9746213,0.0461573600769043
4.622769832611084,188,9798612,0.045018672943115234
4.616846084594727,189,9851011,0.04653787612915039
4.629810810089111,190,9903410,0.04530787467956543
4.589770793914795,191,9955809,0.045845985412597656
4.608771800994873,192,10008208,0.04573321342468262
4.570971488952637,193,10060607,0.04573535919189453
4.564136028289795,194,10113006,0.046064138412475586
4.542984485626221,195,10165405,0.046027183532714844
4.553709030151367,196,10217804,0.04531526565551758
4.537385940551758,197,10270203,0.04581880569458008
4.567915439605713,198,10322602,0.046330928802490234
4.575045108795166,199,10375001,0.04555678367614746
4.559717178344727,200,10427400,0.045650482177734375
4.539383411407471,201,10479799,0.04679536819458008
4.532149314880371,202,10532198,0.047304630279541016
4.572309494018555,203,10584597,0.04647231101989746
4.535853862762451,204,10636996,0.048207759857177734
4.551915645599365,205,10689395,0.04768872261047363
4.581058979034424,206,10741794,0.04647493362426758
4.540522575378418,207,10794193,0.04673027992248535
4.562947750091553,208,10846592,0.04962968826293945
4.556445598602295,209,10898991,0.046987295150756836
4.464537143707275,210,10951390,0.04551959037780762
4.517791748046875,211,11003789,0.045022010803222656
4.528384208679199,212,11056188,0.045202016830444336
4.505733489990234,213,11108587,0.0458066463470459
4.506005764007568,214,11160986,0.04644584655761719
4.516551494598389,215,11213385,0.04715299606323242
4.521357536315918,216,11265784,0.04530620574951172
4.524128437042236,217,11318183,0.044339895248413086
4.565758228302002,218,11370582,0.04413127899169922
4.547938823699951,219,11422981,0.04431509971618652
4.440433025360107,220,11475380,0.0451817512512207
4.4997172355651855,221,11527779,0.04433131217956543
4.496349811553955,222,11580178,0.044251441955566406
4.501938343048096,223,11632577,0.044561147689819336
4.465800762176514,224,11684976,0.04414224624633789
4.484928607940674,225,11737375,0.04420018196105957
4.501278877258301,226,11789774,0.04489755630493164
4.517776966094971,227,11842173,0.044184207916259766
4.438511848449707,228,11894572,0.04429984092712402
4.468447208404541,229,11946971,0.04495549201965332
4.492577075958252,230,11999370,0.044328927993774414
4.515427589416504,231,12051769,0.04439401626586914
4.424782752990723,232,12104168,0.0444331169128418
4.457949161529541,233,12156567,0.04423952102661133
4.427858829498291,234,12208966,0.04427695274353027
4.458992004394531,235,12261365,0.04561591148376465
4.428679466247559,236,12313764,0.04467368125915527
4.448964595794678,237,12366163,0.0445401668548584
4.450193405151367,238,12418562,0.04474997520446777
4.469555377960205,239,12470961,0.04451918601989746
4.418582439422607,240,12523360,0.04577231407165527
4.446848392486572,241,12575759,0.04596972465515137
4.495959281921387,242,12628158,0.04635024070739746
4.404483795166016,243,12680557,0.0462803840637207
4.441015243530273,244,12732956,0.04797673225402832
4.401886463165283,245,12785355,0.046382904052734375
4.471336364746094,246,12837754,0.046750545501708984
4.4206647872924805,247,12890153,0.04428672790527344
4.406527996063232,248,12942552,0.04606962203979492
4.479121685028076,249,12994951,0.046472787857055664
4.420383930206299,250,13047350,0.04528212547302246
4.463284492492676,251,13099749,0.04626798629760742
4.431214809417725,252,13152148,0.04712557792663574
4.435390949249268,253,13204547,0.04531526565551758
4.403834342956543,254,13256946,0.045469045639038086
4.390501499176025,255,13309345,0.04652833938598633
4.448038578033447,256,13361744,0.04624152183532715
4.3637566566467285,257,13414143,0.04495120048522949
4.361950397491455,258,13466542,0.04544353485107422
4.433139801025391,259,13518941,0.04534006118774414
4.400334358215332,260,13571340,0.0467987060546875
4.469939231872559,261,13623739,0.04582858085632324
4.423858165740967,262,13676138,0.04592275619506836
4.390778541564941,263,13728537,0.04764986038208008
4.3701887130737305,264,13780936,0.04631686210632324
4.353475570678711,265,13833335,0.046131134033203125
4.394648551940918,266,13885734,0.04553389549255371
4.391654014587402,267,13938133,0.044629573822021484
4.370394706726074,268,13990532,0.046268463134765625
4.375543117523193,269,14042931,0.04558849334716797
4.376367568969727,270,14095330,0.044748783111572266
4.385745525360107,271,14147729,0.04581761360168457
4.367150783538818,272,14200128,0.04568195343017578
4.3516974449157715,273,14252527,0.04784226417541504
4.4008355140686035,274,14304926,0.04700446128845215
4.417311191558838,275,14357325,0.047177791595458984
4.375217437744141,276,14409724,0.04711771011352539
4.3460516929626465,277,14462123,0.04591012001037598
4.3452019691467285,278,14514522,0.04712963104248047
4.367860317230225,279,14566921,0.04673290252685547
4.359286785125732,280,14619320,0.046674251556396484
4.357705593109131,281,14671719,0.04609870910644531
4.351683139801025,282,14724118,0.04656219482421875
4.374408721923828,283,14776517,0.0467531681060791
4.35249137878418,284,14828916,0.04615449905395508
4.3805108070373535,285,14881315,0.045896053314208984
4.347741603851318,286,14933714,0.04456615447998047
4.355535984039307,287,14986113,0.046860456466674805
4.347561359405518,288,15038512,0.046166419982910156
4.309031963348389,289,15090911,0.0466923713684082
4.333756446838379,290,15143310,0.046536922454833984
4.334355354309082,291,15195709,0.04641270637512207
4.324907302856445,292,15248108,0.04486346244812012
4.369784355163574,293,15300507,0.044878244400024414
4.313778877258301,294,15352906,0.04513382911682129
4.316814422607422,295,15405305,0.047139883041381836
4.3161420822143555,296,15457704,0.04635334014892578
4.342652797698975,297,15510103,0.04625058174133301
4.30886173248291,298,15562502,0.04666781425476074
4.341910362243652,299,15614901,0.046904563903808594
4.261801719665527,300,15667300,0.04499626159667969
4.301794528961182,301,15719699,0.04482674598693848
4.281670570373535,302,15772098,0.04683542251586914
4.277374267578125,303,15824497,0.0442047119140625
4.269646644592285,304,15876896,0.04583024978637695
4.299378395080566,305,15929295,0.046117305755615234
4.277913570404053,306,15981694,0.045998573303222656
4.28834342956543,307,16034093,0.04591822624206543
4.234470367431641,308,16086492,0.0443727970123291
4.32329797744751,309,16138891,0.046019554138183594
4.283787250518799,310,16191290,0.04584503173828125
4.329527854919434,311,16243689,0.045336008071899414
4.283475399017334,312,16296088,0.04453706741333008
4.330067157745361,313,16348487,0.0442814826965332
4.325990676879883,314,16400886,0.0450131893157959
4.294874668121338,315,16453285,0.04470944404602051
4.231550693511963,316,16505684,0.04471445083618164
4.3078227043151855,317,16558083,0.04449272155761719
4.268650054931641,318,16610482,0.044277191162109375
4.286461353302002,319,16662881,0.045563697814941406
4.278170585632324,320,16715280,0.04460453987121582
4.267468452453613,321,16767679,0.04576826095581055
4.3153791427612305,322,16820078,0.04438948631286621
4.279656410217285,323,16872477,0.0441737174987793
4.241250038146973,324,16924876,0.04429054260253906
4.2535905838012695,325,16977275,0.044347286224365234
4.218735694885254,326,17029674,0.04453277587890625
4.235738754272461,327,17082073,0.045056819915771484
4.26100492477417,328,17134472,0.04456591606140137
4.233828067779541,329,17186871,0.044774532318115234
4.262612342834473,330,17239270,0.04456329345703125
4.252740859985352,331,17291669,0.04441404342651367
4.225393295288086,332,17344068,0.04618644714355469
4.270111560821533,333,17396467,0.04620218276977539
4.251167297363281,334,17448866,0.044512271881103516
4.2508721351623535,335,17501265,0.04446864128112793
4.270846843719482,336,17553664,0.0465238094329834
4.268373012542725,337,17606063,0.04619264602661133
4.246403694152832,338,17658462,0.04570627212524414
4.227183818817139,339,17710861,0.04684901237487793
4.264743804931641,340,17763260,0.04499363899230957
4.277005195617676,341,17815659,0.04477214813232422
4.224915981292725,342,17868058,0.04561901092529297
4.223677635192871,343,17920457,0.04443645477294922
4.247200012207031,344,17972856,0.046271324157714844
4.2365593910217285,345,18025255,0.045433998107910156
4.27423620223999,346,18077654,0.04528474807739258
4.256974697113037,347,18130053,0.04617190361022949
4.2332258224487305,348,18182452,0.04469108581542969
4.219324111938477,349,18234851,0.04665994644165039
4.279847145080566,350,18287250,0.04462432861328125
4.2270402908325195,351,18339649,0.046468257904052734
4.230391025543213,352,18392048,0.04566049575805664
4.2781782150268555,353,18444447,0.047705650329589844
4.253091335296631,354,18496846,0.04460477828979492
4.2504167556762695,355,18549245,0.04552865028381348
4.206122875213623,356,18601644,0.04669809341430664
4.277664661407471,357,18654043,0.04512977600097656
4.281428337097168,358,18706442,0.04572319984436035
4.2138214111328125,359,18758841,0.046318769454956055
4.2292704582214355,360,18811240,0.0446774959564209
4.238297462463379,361,18863639,0.04436302185058594
4.243859767913818,362,18916038,0.045696258544921875
4.272327899932861,363,18968437,0.04464101791381836
4.214650630950928,364,19020836,0.044539451599121094
4.2305169105529785,365,19073235,0.044306278228759766
4.239409923553467,366,19125634,0.04630780220031738
4.244682312011719,367,19178033,0.04612874984741211
4.199855327606201,368,19230432,0.04666256904602051
4.217652797698975,369,19282831,0.045783042907714844
4.180200576782227,370,19335230,0.0461575984954834
4.1817121505737305,371,19387629,0.044373273849487305
4.194987773895264,372,19440028,0.044189453125
4.275876045227051,373,19492427,0.045089006423950195
4.25971794128418,374,19544826,0.04518699645996094
4.257659912109375,375,19597225,0.04624009132385254
4.22952127456665,376,19649624,0.046787261962890625
4.238012313842773,377,19702023,0.04528236389160156
4.220422744750977,378,19754422,0.04637289047241211
4.245433807373047,379,19806821,0.044969797134399414
4.22258186340332,380,19859220,0.04488968849182129
4.206642150878906,381,19911619,0.04624533653259277
4.243577480316162,382,19964018,0.04476022720336914
4.221837043762207,383,20016417,0.04630231857299805
4.202085494995117,384,20068816,0.04473710060119629
4.231829643249512,385,20121215,0.04536080360412598
4.1748433113098145,386,20173614,0.04609060287475586
4.223880767822266,387,20226013,0.047051429748535156
4.235904216766357,388,20278412,0.04726719856262207
4.192203998565674,389,20330811,0.04623150825500488
4.193981170654297,390,20383210,0.04512286186218262
4.217814922332764,391,20435609,0.04554462432861328
4.20246696472168,392,20488008,0.045090675354003906
4.198917865753174,393,20540407,0.04486393928527832
4.222462177276611,394,20592806,0.04604291915893555
4.226578712463379,395,20645205,0.04667401313781738
4.221517086029053,396,20697604,0.04464387893676758
4.237957000732422,397,20750003,0.046071529388427734
4.199855327606201,398,20802402,0.04509472846984863
4.190687656402588,399,20854801,0.0442962646484375
4.201600074768066,400,20907200,0.04437446594238281
4.242346286773682,401,20959599,0.04416251182556152
4.208551406860352,402,21011998,0.04547262191772461
4.244579792022705,403,21064397,0.043936967849731445
4.242834568023682,404,21116796,0.04391002655029297
4.207678318023682,405,21169195,0.04400444030761719
4.1993818283081055,406,21221594,0.04396462440490723
4.17420768737793,407,21273993,0.04388070106506348
4.22109317779541,408,21326392,0.044063568115234375
4.213420391082764,409,21378791,0.043984174728393555
4.175871849060059,410,21431190,0.04394102096557617
4.168625354766846,411,21483589,0.044115543365478516
4.21516227722168,412,21535988,0.04405689239501953
4.210319519042969,413,21588387,0.043802499771118164
4.207192897796631,414,21640786,0.04392290115356445
4.162806987762451,415,21693185,0.04403853416442871
4.185908794403076,416,21745584,0.04389595985412598
4.189925193786621,417,21797983,0.043999671936035156
4.196933746337891,418,21850382,0.04399538040161133
4.209636211395264,419,21902781,0.044000864028930664
4.1903815269470215,420,21955180,0.043879032135009766
4.2103166580200195,421,22007579,0.044558048248291016
4.170351982116699,422,22059978,0.04455113410949707
4.236915111541748,423,22112377,0.04411792755126953
4.148942947387695,424,22164776,0.0439302921295166
4.234612941741943,425,22217175,0.04387664794921875
4.158187389373779,426,22269574,0.04500222206115723
4.203249454498291,427,22321973,0.044495344161987305
4.200096130371094,428,22374372,0.043847084045410156
4.222620964050293,429,22426771,0.04416799545288086
4.1969804763793945,430,22479170,0.04375410079956055
4.1970672607421875,431,22531569,0.04634594917297363
4.210764408111572,432,22583968,0.04458475112915039
4.249788284301758,433,22636367,0.04494667053222656
4.186473369598389,434,22688766,0.0446627140045166
4.149024963378906,435,22741165,0.044641971588134766
4.162265300750732,436,22793564,0.04468655586242676
4.1793694496154785,437,22845963,0.04441952705383301
4.195682048797607,438,22898362,0.04455447196960449
4.166090488433838,439,22950761,0.04449629783630371
4.186031341552734,440,23003160,0.04459786415100098
4.1783928871154785,441,23055559,0.04483461380004883
4.183172702789307,442,23107958,0.044382572174072266
4.16951322555542,443,23160357,0.04387164115905762
4.19329309463501,444,23212756,0.04396867752075195
4.164667129516602,445,23265155,0.04396700859069824
4.1455769538879395,446,23317554,0.043843984603881836
4.171347618103027,447,23369953,0.04388856887817383
4.129983901977539,448,23422352,0.04383134841918945
4.210237979888916,449,23474751,0.04491996765136719
4.176218032836914,450,23527150,0.0455625057220459
4.1740641593933105,451,23579549,0.04517006874084473
4.157491683959961,452,23631948,0.04396367073059082
4.179407119750977,453,23684347,0.04403972625732422
4.1829986572265625,454,23736746,0.04399371147155762
4.170900344848633,455,23789145,0.04397010803222656
4.159194469451904,456,23841544,0.044114112854003906
4.194204330444336,457,23893943,0.04431867599487305
4.18696928024292,458,23946342,0.044190168380737305
4.132861137390137,459,23998741,0.04426455497741699
4.152019023895264,460,24051140,0.04427146911621094
4.165871620178223,461,24103539,0.04414653778076172
4.18806266784668,462,24155938,0.04416918754577637
4.186466217041016,463,24208337,0.04427933692932129
4.201441287994385,464,24260736,0.04430961608886719
4.149835586547852,465,24313135,0.044336557388305664
4.164041042327881,466,24365534,0.04419136047363281
4.1685357093811035,467,24417933,0.04426121711730957
4.180422782897949,468,24470332,0.044271230697631836
4.156293869018555,469,24522731,0.044219255447387695
4.173762321472168,470,24575130,0.04426074028015137
4.162698745727539,471,24627529,0.04483222961425781
4.142210960388184,472,24679928,0.044248104095458984
4.138313293457031,473,24732327,0.04427647590637207
4.146836757659912,474,24784726,0.04419207572937012
4.223523139953613,475,24837125,0.044945478439331055
4.170289516448975,476,24889524,0.04480290412902832
4.1528425216674805,477,24941923,0.04433274269104004
4.206165790557861,478,24994322,0.04462432861328125
4.188621520996094,479,25046721,0.04435443878173828
4.150018692016602,480,25099120,0.04718518257141113
4.18467903137207,481,25151519,0.045110225677490234
4.162866115570068,482,25203918,0.046061038970947266
4.187356948852539,483,25256317,0.046825408935546875
4.167503356933594,484,25308716,0.04619002342224121
4.136368751525879,485,25361115,0.0475003719329834
4.143150806427002,486,25413514,0.04501080513000488
4.159863471984863,487,25465913,0.04468894004821777
4.178199291229248,488,25518312,0.04488849639892578
4.135108470916748,489,25570711,0.045092105865478516
4.166093826293945,490,25623110,0.045182228088378906
4.1567063331604,491,25675509,0.04439353942871094
4.178686141967773,492,25727908,0.04413414001464844
4.168048858642578,493,25780307,0.04427170753479004
4.122899055480957,494,25832706,0.044394731521606445
4.1185221672058105,495,25885105,0.044278860092163086
4.145440578460693,496,25937504,0.04493117332458496
4.161798000335693,497,25989903,0.0442202091217041
4.177450180053711,498,26042302,0.04461956024169922
4.137298107147217,499,26094701,0.04441332817077637
4.1628265380859375,500,26147100,0.044248342514038086
4.186097621917725,501,26199499,0.04549121856689453
4.150994777679443,502,26251898,0.04666757583618164
4.164504528045654,503,26304297,0.04429149627685547
4.158522129058838,504,26356696,0.04384732246398926
4.159864902496338,505,26409095,0.0439298152923584
4.143627643585205,506,26461494,0.043927907943725586
4.1364054679870605,507,26513893,0.04384112358093262
4.140678882598877,508,26566292,0.04404592514038086
4.124122619628906,509,26618691,0.04405045509338379
4.1709465980529785,510,26671090,0.04384636878967285
4.150198936462402,511,26723489,0.04433155059814453
4.1424150466918945,512,26775888,0.04410719871520996
4.141692638397217,513,26828287,0.04396533966064453
4.149213790893555,514,26880686,0.0439457893371582
4.191620349884033,515,26933085,0.043847084045410156
4.1447367668151855,516,26985484,0.04410600662231445
4.1256561279296875,517,27037883,0.043935298919677734
4.1792731285095215,518,27090282,0.04396510124206543
4.134593486785889,519,27142681,0.04401969909667969
4.118382453918457,520,27195080,0.044179677963256836
4.173854351043701,521,27247479,0.044136762619018555
4.141507625579834,522,27299878,0.04380059242248535
4.147270202636719,523,27352277,0.04370546340942383
4.113557815551758,524,27404676,0.043880462646484375
4.1699347496032715,525,27457075,0.043855905532836914
4.112245082855225,526,27509474,0.044286251068115234
4.1296186447143555,527,27561873,0.04405713081359863
4.209359645843506,528,27614272,0.04399919509887695
4.126406192779541,529,27666671,0.045746564865112305
4.165693283081055,530,27719070,0.0438997745513916
4.1542792320251465,531,27771469,0.04392433166503906
4.155239105224609,532,27823868,0.043857574462890625
4.172703266143799,533,27876267,0.04401278495788574
4.157294750213623,534,27928666,0.04557943344116211
4.144664764404297,535,27981065,0.0444643497467041
4.1252217292785645,536,28033464,0.0442502498626709
4.165754318237305,537,28085863,0.04489731788635254
4.151524066925049,538,28138262,0.04452943801879883
4.128582000732422,539,28190661,0.04399824142456055
4.154501914978027,540,28243060,0.04632067680358887
4.116332054138184,541,28295459,0.0441131591796875
4.135188579559326,542,28347858,0.0438232421875
4.126643657684326,543,28400257,0.04436993598937988
4.144040584564209,544,28452656,0.043793678283691406
4.132756233215332,545,28505055,0.043802738189697266
4.090358257293701,546,28557454,0.04478788375854492
4.102964878082275,547,28609853,0.04430508613586426
4.158544063568115,548,28662252,0.04383516311645508
4.142801284790039,549,28714651,0.0439152717590332
4.115775108337402,550,28767050,0.044226884841918945
4.13283109664917,551,28819449,0.044022321701049805
4.1469573974609375,552,28871848,0.04393339157104492
4.149107456207275,553,28924247,0.04501795768737793
4.112929821014404,554,28976646,0.04414653778076172
4.107960224151611,555,29029045,0.04420185089111328
4.087381362915039,556,29081444,0.043857574462890625
4.114347457885742,557,29133843,0.04396867752075195
4.124814033508301,558,29186242,0.043700218200683594
4.139607906341553,559,29238641,0.043790340423583984
4.130969524383545,560,29291040,0.04455709457397461
4.109703063964844,561,29343439,0.04432535171508789
4.111176013946533,562,29395838,0.043914079666137695
4.159844875335693,563,29448237,0.04401683807373047
4.140433311462402,564,29500636,0.04425549507141113
4.1280317306518555,565,29553035,0.043981313705444336
4.088759899139404,566,29605434,0.04381155967712402
4.121301174163818,567,29657833,0.04502272605895996
4.0817790031433105,568,29710232,0.044507503509521484
4.143742561340332,569,29762631,0.04394960403442383
4.170490741729736,570,29815030,0.04382634162902832
4.155925750732422,571,29867429,0.04380941390991211
4.117170333862305,572,29919828,0.043769121170043945
4.094624042510986,573,29972227,0.04390406608581543
4.130320072174072,574,30024626,0.04382014274597168
4.120207786560059,575,30077025,0.04418158531188965
4.142044544219971,576,30129424,0.04428243637084961
4.10284423828125,577,30181823,0.04409480094909668
4.1307806968688965,578,30234222,0.04397153854370117
4.144759178161621,579,30286621,0.04430842399597168
4.094599723815918,580,30339020,0.04420208930969238
4.148868560791016,581,30391419,0.0438385009765625
4.112500190734863,582,30443818,0.04388737678527832
4.140005111694336,583,30496217,0.04526233673095703
4.118017673492432,584,30548616,0.044653892517089844
4.123052597045898,585,30601015,0.044148921966552734
4.131572246551514,586,30653414,0.043967247009277344
4.1471943855285645,587,30705813,0.04388880729675293
4.149003505706787,588,30758212,0.04384922981262207
4.151481628417969,589,30810611,0.043915510177612305
4.107656002044678,590,30863010,0.04383087158203125
4.107110500335693,591,30915409,0.04455304145812988
4.123810768127441,592,30967808,0.04419970512390137
4.110605239868164,593,31020207,0.044135093688964844
4.134621620178223,594,31072606,0.043953895568847656
4.075786590576172,595,31125005,0.043996334075927734
4.098496913909912,596,31177404,0.0442967414855957
4.094161510467529,597,31229803,0.04382133483886719
4.125710487365723,598,31282202,0.04384756088256836
4.125607490539551,599,31334601,0.04405617713928223
4.147398948669434,600,31387000,0.04512381553649902
4.138843536376953,601,31439399,0.04418373107910156
4.112960338592529,602,31491798,0.04695439338684082
4.147048473358154,603,31544197,0.04419231414794922
4.118252754211426,604,31596596,0.04407787322998047
4.133196830749512,605,31648995,0.045274972915649414
4.101123809814453,606,31701394,0.04425859451293945
4.118587493896484,607,31753793,0.044190406799316406
4.081270217895508,608,31806192,0.04429268836975098
4.155979633331299,609,31858591,0.04436922073364258
4.089310169219971,610,31910990,0.04427957534790039
4.08011531829834,611,31963389,0.04512929916381836
4.079938888549805,612,32015788,0.04480481147766113
4.134544849395752,613,32068187,0.04430222511291504
4.126325607299805,614,32120586,0.04460787773132324
4.145630836486816,615,32172985,0.04451799392700195
4.121136665344238,616,32225384,0.04426407814025879
4.114499568939209,617,32277783,0.04634904861450195
4.116088390350342,618,32330182,0.044770002365112305
4.129008769989014,619,32382581,0.04439854621887207
4.109621524810791,620,32434980,0.044295549392700195
4.098080635070801,621,32487379,0.044721364974975586
4.104223251342773,622,32539778,0.04430580139160156
4.139075756072998,623,32592177,0.044321298599243164
4.137831687927246,624,32644576,0.045134782791137695
4.115821361541748,625,32696975,0.04471325874328613
4.109503269195557,626,32749374,0.04430890083312988
4.118504047393799,627,32801773,0.044222116470336914
4.131385803222656,628,32854172,0.044651031494140625
4.110989093780518,629,32906571,0.044405460357666016
4.141480922698975,630,32958970,0.044225454330444336
4.104621887207031,631,33011369,0.044309377670288086
4.089639186859131,632,33063768,0.04548382759094238
4.084081649780273,633,33116167,0.04460263252258301
4.141998291015625,634,33168566,0.04469633102416992
4.12643575668335,635,33220965,0.044325828552246094
4.1037702560424805,636,33273364,0.04436063766479492
4.1160888671875,637,33325763,0.044287681579589844
4.108926773071289,638,33378162,0.0443882942199707
4.133714199066162,639,33430561,0.04445314407348633
4.058467388153076,640,33482960,0.04510641098022461
4.141457557678223,641,33535359,0.044744253158569336
4.128044128417969,642,33587758,0.044562339782714844
4.071455955505371,643,33640157,0.04455995559692383
4.089923858642578,644,33692556,0.04443073272705078
4.085803031921387,645,33744955,0.04470944404602051
4.105837345123291,646,33797354,0.04434061050415039
4.094188213348389,647,33849753,0.045716047286987305
4.103548526763916,648,33902152,0.04603767395019531
4.075994968414307,649,33954551,0.0474705696105957
4.109278678894043,650,34006950,0.04466080665588379
4.156186580657959,651,34059349,0.04500532150268555
4.055187702178955,652,34111748,0.044396400451660156
4.1126861572265625,653,34164147,0.044020652770996094
4.09272575378418,654,34216546,0.04406452178955078
4.13263463973999,655,34268945,0.04451179504394531
4.054383277893066,656,34321344,0.04452705383300781
4.133394718170166,657,34373743,0.04426312446594238
4.073208332061768,658,34426142,0.04450869560241699
4.122317790985107,659,34478541,0.044797658920288086
4.078354835510254,660,34530940,0.04485964775085449
4.092813014984131,661,34583339,0.04459095001220703
4.164304733276367,662,34635738,0.044457197189331055
4.088141918182373,663,34688137,0.04457449913024902
4.08489990234375,664,34740536,0.044545650482177734
4.1284379959106445,665,34792935,0.045226335525512695
4.081543445587158,666,34845334,0.04514050483703613
4.110931873321533,667,34897733,0.04490828514099121
4.132622241973877,668,34950132,0.04458951950073242
4.129116535186768,669,35002531,0.04467344284057617
4.0989203453063965,670,35054930,0.04450559616088867
4.1155571937561035,671,35107329,0.04586648941040039
4.072807312011719,672,35159728,0.044806480407714844
4.0555572509765625,673,35212127,0.04445385932922363
4.10233211517334,674,35264526,0.04452848434448242
4.067651748657227,675,35316925,0.04459428787231445
4.097901821136475,676,35369324,0.04427957534790039
4.122478485107422,677,35421723,0.0449831485748291
4.074764728546143,678,35474122,0.044592857360839844
4.076775074005127,679,35526521,0.04448127746582031
4.1054511070251465,680,35578920,0.04448676109313965
4.089554309844971,681,35631319,0.04449176788330078
4.102483749389648,682,35683718,0.04445195198059082
4.080325126647949,683,35736117,0.04450345039367676
4.115423679351807,684,35788516,0.04529619216918945
4.124777317047119,685,35840915,0.04448676109313965
4.082230091094971,686,35893314,0.044450998306274414
4.059144973754883,687,35945713,0.044664859771728516
4.083761692047119,688,35998112,0.04450488090515137
4.069299221038818,689,36050511,0.044495344161987305
4.088827133178711,690,36102910,0.044908761978149414
4.110310077667236,691,36155309,0.046854257583618164
4.078975200653076,692,36207708,0.04487776756286621
4.082371234893799,693,36260107,0.044638633728027344
4.047904968261719,694,36312506,0.04464268684387207
4.068894863128662,695,36364905,0.04576373100280762
4.070509433746338,696,36417304,0.04509592056274414
4.073099136352539,697,36469703,0.04656195640563965
4.095453262329102,698,36522102,0.04623103141784668
4.081319808959961,699,36574501,0.045607566833496094
4.10897970199585,700,36626900,0.04656410217285156
4.105680465698242,701,36679299,0.045496463775634766
4.048538684844971,702,36731698,0.049123525619506836
4.091740131378174,703,36784097,0.04512739181518555
4.121789932250977,704,36836496,0.04403972625732422
4.076535701751709,705,36888895,0.04433321952819824
4.074697494506836,706,36941294,0.04404330253601074
4.095985412597656,707,36993693,0.04402518272399902
4.042201995849609,708,37046092,0.04393172264099121
4.054925918579102,709,37098491,0.0438077449798584
4.088229179382324,710,37150890,0.04391288757324219
4.099308013916016,711,37203289,0.043819427490234375
4.0393595695495605,712,37255688,0.043814659118652344
4.095443248748779,713,37308087,0.04382944107055664
4.089661598205566,714,37360486,0.04387044906616211
4.109554767608643,715,37412885,0.043860673904418945
4.0789971351623535,716,37465284,0.04390382766723633
4.0335540771484375,717,37517683,0.04383254051208496
4.0442070960998535,718,37570082,0.04379773139953613
4.102890968322754,719,37622481,0.04414987564086914
4.133124351501465,720,37674880,0.04411673545837402
4.0791778564453125,721,37727279,0.04381918907165527
4.093713283538818,722,37779678,0.04381513595581055
4.085417747497559,723,37832077,0.044130802154541016
4.094066619873047,724,37884476,0.0443572998046875
4.095777988433838,725,37936875,0.044156789779663086
4.101892948150635,726,37989274,0.04398488998413086
4.107972621917725,727,38041673,0.04395294189453125
4.138678550720215,728,38094072,0.04398155212402344
4.061774730682373,729,38146471,0.043755531311035156
4.079433441162109,730,38198870,0.04387331008911133
4.073150157928467,731,38251269,0.043805599212646484
4.09065055847168,732,38303668,0.043877601623535156
4.098148822784424,733,38356067,0.04380297660827637
4.10267448425293,734,38408466,0.04378819465637207
4.08272123336792,735,38460865,0.043814659118652344
4.120175361633301,736,38513264,0.04392647743225098
4.069311141967773,737,38565663,0.04381871223449707
4.0668416023254395,738,38618062,0.04375910758972168
4.053048610687256,739,38670461,0.04379391670227051
4.127159595489502,740,38722860,0.04464221000671387
4.1357269287109375,741,38775259,0.044303178787231445
4.114123821258545,742,38827658,0.04437065124511719
4.105177402496338,743,38880057,0.04408144950866699
4.050558090209961,744,38932456,0.04377460479736328
4.108846187591553,745,38984855,0.044969797134399414
4.064146995544434,746,39037254,0.04404282569885254
4.105600833892822,747,39089653,0.04386258125305176
4.105309009552002,748,39142052,0.04383206367492676
4.073225975036621,749,39194451,0.04419445991516113
4.080850601196289,750,39246850,0.04398941993713379
4.0877685546875,751,39299249,0.04529142379760742
4.081575393676758,752,39351648,0.04385066032409668
4.117541313171387,753,39404047,0.04376101493835449
4.07235860824585,754,39456446,0.04436802864074707
4.0950140953063965,755,39508845,0.04399299621582031
4.082943439483643,756,39561244,0.043977975845336914
4.038298606872559,757,39613643,0.04561948776245117
4.077495574951172,758,39666042,0.044040679931640625
4.099515914916992,759,39718441,0.04373311996459961
4.073729991912842,760,39770840,0.043836355209350586
4.099575519561768,761,39823239,0.043879032135009766
4.053040981292725,762,39875638,0.04366183280944824
4.075620651245117,763,39928037,0.04385805130004883
4.095654010772705,764,39980436,0.0444796085357666
4.065315246582031,765,40032835,0.0442202091217041
4.077732563018799,766,40085234,0.04382586479187012
4.0957865715026855,767,40137633,0.04380536079406738
4.059605598449707,768,40190032,0.04385542869567871
4.107044696807861,769,40242431,0.04413866996765137
4.070836544036865,770,40294830,0.0437922477722168
4.082229137420654,771,40347229,0.04377317428588867
4.045753002166748,772,40399628,0.04385805130004883
4.069381237030029,773,40452027,0.04498744010925293
4.057434558868408,774,40504426,0.04400277137756348
4.058399200439453,775,40556825,0.043804168701171875
4.082770347595215,776,40609224,0.04379129409790039
4.069827079772949,777,40661623,0.04462385177612305
4.055055618286133,778,40714022,0.04406094551086426
4.029243469238281,779,40766421,0.0437929630279541
4.068789958953857,780,40818820,0.043905019760131836
4.100971221923828,781,40871219,0.04387021064758301
4.071901798248291,782,40923618,0.044570207595825195
4.045765399932861,783,40976017,0.04419422149658203
4.082857608795166,784,41028416,0.04383707046508789
4.078766822814941,785,41080815,0.04381918907165527
4.096842288970947,786,41133214,0.04383444786071777
4.100008010864258,787,41185613,0.043750762939453125
4.046512603759766,788,41238012,0.04415392875671387
4.052881717681885,789,41290411,0.043903350830078125
4.046638011932373,790,41342810,0.04395461082458496
4.049130916595459,791,41395209,0.04438138008117676
4.080747127532959,792,41447608,0.04461097717285156
4.073766231536865,793,41500007,0.04513812065124512
4.057976245880127,794,41552406,0.044153451919555664
4.098626613616943,795,41604805,0.04392242431640625
4.065199851989746,796,41657204,0.04382205009460449
4.120694160461426,797,41709603,0.0438077449798584
4.098477363586426,798,41762002,0.043856143951416016
4.11104679107666,799,41814401,0.043694257736206055
4.052292823791504,800,41866800,0.04383993148803711
4.0806732177734375,801,41919199,0.043787240982055664
4.084874153137207,802,41971598,0.04604911804199219
4.124146938323975,803,42023997,0.0459439754486084
4.077027797698975,804,42076396,0.04475092887878418
4.086979866027832,805,42128795,0.0457608699798584
4.073078155517578,806,42181194,0.04514122009277344
4.044384956359863,807,42233593,0.04635214805603027
4.084650993347168,808,42285992,0.04457211494445801
4.055025100708008,809,42338391,0.04651832580566406
4.074924945831299,810,42390790,0.04557538032531738
4.095029830932617,811,42443189,0.04513120651245117
4.11146354675293,812,42495588,0.044039011001586914
4.073159694671631,813,42547987,0.04391145706176758
4.06447172164917,814,42600386,0.044980525970458984
4.084644794464111,815,42652785,0.04423022270202637
4.035454750061035,816,42705184,0.04413771629333496
4.062597751617432,817,42757583,0.044179439544677734
4.045558929443359,818,42809982,0.04424428939819336
4.084997653961182,819,42862381,0.04434919357299805
4.059013366699219,820,42914780,0.0442957878112793
4.101699352264404,821,42967179,0.04451894760131836
4.05231237411499,822,43019578,0.04442548751831055
4.037856578826904,823,43071977,0.04429507255554199
4.094600200653076,824,43124376,0.04439282417297363
4.067234992980957,825,43176775,0.0444645881652832
4.057648658752441,826,43229174,0.04436016082763672
4.09981107711792,827,43281573,0.04431772232055664
4.077243328094482,828,43333972,0.04429340362548828
4.077267646789551,829,43386371,0.044318199157714844
4.06020975112915,830,43438770,0.0445098876953125
4.056497573852539,831,43491169,0.04453325271606445
4.0794243812561035,832,43543568,0.04447674751281738
4.075493335723877,833,43595967,0.04439282417297363
4.103744029998779,834,43648366,0.044355154037475586
4.085847854614258,835,43700765,0.04428267478942871
4.088720798492432,836,43753164,0.044326066970825195
4.0651960372924805,837,43805563,0.04444527626037598
4.066319465637207,838,43857962,0.04423975944519043
4.078311443328857,839,43910361,0.04437088966369629
4.07659912109375,840,43962760,0.04417681694030762
4.0526041984558105,841,44015159,0.04428505897521973
4.056665897369385,842,44067558,0.044341087341308594
4.095034122467041,843,44119957,0.044277191162109375
4.08690881729126,844,44172356,0.0442967414855957
4.085996150970459,845,44224755,0.044677734375
4.082377910614014,846,44277154,0.04620361328125
4.074034690856934,847,44329553,0.044663190841674805
4.072709560394287,848,44381952,0.04501461982727051
4.0645246505737305,849,44434351,0.04528951644897461
4.03283166885376,850,44486750,0.04733920097351074
4.0772199630737305,851,44539149,0.0451962947845459
4.049893379211426,852,44591548,0.044652462005615234
4.012364864349365,853,44643947,0.044846296310424805
4.071279048919678,854,44696346,0.044306039810180664
4.072717666625977,855,44748745,0.0475764274597168
4.0526227951049805,856,44801144,0.04497694969177246
4.0661749839782715,857,44853543,0.04471731185913086
4.057287216186523,858,44905942,0.045636892318725586
4.069937229156494,859,44958341,0.04567289352416992
4.079159736633301,860,45010740,0.04538846015930176
4.088068008422852,861,45063139,0.04566335678100586
4.077019214630127,862,45115538,0.04601883888244629
4.047792911529541,863,45167937,0.04584383964538574
4.078031063079834,864,45220336,0.04454636573791504
4.095242500305176,865,45272735,0.044309377670288086
4.053600311279297,866,45325134,0.04450249671936035
4.001043319702148,867,45377533,0.044351816177368164
4.054017543792725,868,45429932,0.04429268836975098
4.0821213722229,869,45482331,0.044461727142333984
4.059327602386475,870,45534730,0.045418739318847656
4.029792308807373,871,45587129,0.04460763931274414
4.043282985687256,872,45639528,0.04484724998474121
4.098981857299805,873,45691927,0.04455280303955078
4.101456642150879,874,45744326,0.04540681838989258
4.037301540374756,875,45796725,0.04468250274658203
4.077727794647217,876,45849124,0.044402122497558594
4.044707775115967,877,45901523,0.04438066482543945
4.089846611022949,878,45953922,0.04443836212158203
4.125124454498291,879,46006321,0.04513740539550781
4.061094760894775,880,46058720,0.044797420501708984
4.058032989501953,881,46111119,0.044561147689819336
4.059210777282715,882,46163518,0.04486489295959473
4.062930583953857,883,46215917,0.04481911659240723
4.089954853057861,884,46268316,0.04445052146911621
4.072656154632568,885,46320715,0.04454946517944336
4.037912845611572,886,46373114,0.04447293281555176
4.119957447052002,887,46425513,0.04445362091064453
4.0832672119140625,888,46477912,0.04491591453552246
4.1030778884887695,889,46530311,0.04457235336303711
4.026552200317383,890,46582710,0.04430389404296875
4.056048393249512,891,46635109,0.045928239822387695
4.077133655548096,892,46687508,0.047341108322143555
4.080991744995117,893,46739907,0.04779410362243652
4.0679497718811035,894,46792306,0.04768228530883789
4.030798435211182,895,46844705,0.04642319679260254
4.11436653137207,896,46897104,0.04458141326904297
4.07718563079834,897,46949503,0.04713916778564453
4.040607929229736,898,47001902,0.044670820236206055
4.0742340087890625,899,47054301,0.04447531700134277
3.9974403381347656,900,47106700,0.04440021514892578
4.07037353515625,901,47159099,0.04562830924987793
4.035859107971191,902,47211498,0.04553699493408203
4.035952091217041,903,47263897,0.04377555847167969
4.069161891937256,904,47316296,0.04392838478088379
4.058603763580322,905,47368695,0.04387402534484863
4.0694684982299805,906,47421094,0.044597625732421875
4.083761692047119,907,47473493,0.04470396041870117
4.077810764312744,908,47525892,0.04420804977416992
4.060125827789307,909,47578291,0.04396224021911621
4.100630283355713,910,47630690,0.04377913475036621
4.082190990447998,911,47683089,0.04393339157104492
4.101446151733398,912,47735488,0.04386019706726074
4.036914348602295,913,47787887,0.04423713684082031
4.075772285461426,914,47840286,0.04401803016662598
4.124505519866943,915,47892685,0.043946266174316406
4.025177001953125,916,47945084,0.04387521743774414
4.062177658081055,917,47997483,0.04388594627380371
4.073493003845215,918,48049882,0.045195579528808594
4.1051764488220215,919,48102281,0.04430389404296875
4.05597448348999,920,48154680,0.04374957084655762
4.034152984619141,921,48207079,0.044185638427734375
4.0632853507995605,922,48259478,0.044071197509765625
4.077860355377197,923,48311877,0.046526193618774414
4.072000503540039,924,48364276,0.04427218437194824
4.069125652313232,925,48416675,0.04390454292297363
4.04386043548584,926,48469074,0.04389476776123047
4.049917697906494,927,48521473,0.04383492469787598
4.094376564025879,928,48573872,0.04456949234008789
4.100665092468262,929,48626271,0.04410386085510254
4.066445827484131,930,48678670,0.043982505798339844
4.0187578201293945,931,48731069,0.04427218437194824
4.032634735107422,932,48783468,0.044137001037597656
4.067433834075928,933,48835867,0.04512977600097656
4.062361717224121,934,48888266,0.04387211799621582
4.111908912658691,935,48940665,0.04389691352844238
4.083096504211426,936,48993064,0.04382157325744629
4.100214958190918,937,49045463,0.04372835159301758
4.071485996246338,938,49097862,0.0439000129699707
4.060152053833008,939,49150261,0.04445219039916992
4.054000377655029,940,49202660,0.04378318786621094
4.081500053405762,941,49255059,0.04417848587036133
4.065958023071289,942,49307458,0.04434394836425781
4.077574729919434,943,49359857,0.04403376579284668
4.0907769203186035,944,49412256,0.04461169242858887
4.065253734588623,945,49464655,0.043908119201660156
4.052187919616699,946,49517054,0.04364919662475586
4.02358341217041,947,49569453,0.043735504150390625
4.047549724578857,948,49621852,0.043892860412597656
4.040112495422363,949,49674251,0.043900251388549805
4.0909037590026855,950,49726650,0.04457688331604004
4.0620808601379395,951,49779049,0.04436326026916504
4.025331974029541,952,49831448,0.043686628341674805
4.1326494216918945,953,49883847,0.044359445571899414
4.125225067138672,954,49936246,0.04389166831970215
4.0717339515686035,955,49988645,0.043779611587524414
4.0679826736450195,956,50041044,0.04467153549194336
4.053088188171387,957,50093443,0.04387164115905762
4.085134029388428,958,50145842,0.04385709762573242
4.087437152862549,959,50198241,0.044261932373046875
4.080338478088379,960,50250640,0.04372119903564453
4.091833591461182,961,50303039,0.04371380805969238
4.013247013092041,962,50355438,0.043830156326293945
4.075641632080078,963,50407837,0.04466819763183594
4.047684669494629,964,50460236,0.043821096420288086
4.061733245849609,965,50512635,0.043796539306640625
4.075043201446533,966,50565034,0.04420113563537598
4.072068691253662,967,50617433,0.043924808502197266
4.048901557922363,968,50669832,0.043866634368896484
4.041807651519775,969,50722231,0.04497861862182617
4.080481052398682,970,50774630,0.04427456855773926
4.079957008361816,971,50827029,0.04422783851623535
4.065962314605713,972,50879428,0.04382777214050293
4.050657272338867,973,50931827,0.0439600944519043
4.070530414581299,974,50984226,0.043767452239990234
4.076022148132324,975,51036625,0.0437464714050293
4.050470352172852,976,51089024,0.04496645927429199
4.127201557159424,977,51141423,0.04425859451293945
4.027966022491455,978,51193822,0.04387021064758301
4.055232524871826,979,51246221,0.04415559768676758
4.024601459503174,980,51298620,0.04412674903869629
4.076289653778076,981,51351019,0.044011831283569336
4.077929973602295,982,51403418,0.043781280517578125
4.06314754486084,983,51455817,0.04388117790222168
4.018840789794922,984,51508216,0.04472208023071289
4.079044818878174,985,51560615,0.04392242431640625
4.018472671508789,986,51613014,0.04389667510986328
4.05570650100708,987,51665413,0.0437314510345459
4.081504821777344,988,51717812,0.043814659118652344
4.072971343994141,989,51770211,0.04384660720825195
4.0553107261657715,990,51822610,0.043884992599487305
4.080594062805176,991,51875009,0.04384326934814453
4.023985385894775,992,51927408,0.044718027114868164
4.001246929168701,993,51979807,0.04389166831970215
4.034074306488037,994,52032206,0.043855905532836914
4.078944206237793,995,52084605,0.0436549186706543
4.108518123626709,996,52137004,0.044115543365478516
4.034298896789551,997,52189403,0.04387640953063965
4.046980857849121,998,52241802,0.043685197830200195
4.096737861633301,999,52294201,0.04390740394592285
4.045395374298096,1000,52346600,0.04516315460205078
4.059291362762451,1001,52398999,0.04418611526489258
4.03700590133667,1002,52451398,0.04751157760620117
4.102359771728516,1003,52503797,0.04473757743835449
4.059777736663818,1004,52556196,0.044635772705078125
4.037713050842285,1005,52608595,0.04434967041015625
4.035899639129639,1006,52660994,0.04539322853088379
4.122170448303223,1007,52713393,0.04478597640991211
4.060096263885498,1008,52765792,0.044415950775146484
4.087307929992676,1009,52818191,0.04437088966369629
4.033365249633789,1010,52870590,0.044358253479003906
4.0324554443359375,1011,52922989,0.0441594123840332
4.083075523376465,1012,52975388,0.045128583908081055
4.079675197601318,1013,53027787,0.047330379486083984
4.050378322601318,1014,53080186,0.04481053352355957
4.062756538391113,1015,53132585,0.04595375061035156
4.044152736663818,1016,53184984,0.0467071533203125
4.053600788116455,1017,53237383,0.046431541442871094
4.054318428039551,1018,53289782,0.048288583755493164
4.077075004577637,1019,53342181,0.04654526710510254
4.08302640914917,1020,53394580,0.046842098236083984
4.079606056213379,1021,53446979,0.046690940856933594
4.048219203948975,1022,53499378,0.04609322547912598
4.048252582550049,1023,53551777,0.04661917686462402
4.047116279602051,1024,53604176,0.04642176628112793
4.044638156890869,1025,53656575,0.04641985893249512
4.0454607009887695,1026,53708974,0.04697990417480469
4.056601524353027,1027,53761373,0.04715681076049805
4.0713019371032715,1028,53813772,0.04485011100769043
4.029986381530762,1029,53866171,0.044396162033081055
4.039337635040283,1030,53918570,0.04585862159729004
4.0986738204956055,1031,53970969,0.04629635810852051
4.081728458404541,1032,54023368,0.045552968978881836
4.022965908050537,1033,54075767,0.04748821258544922
4.04017448425293,1034,54128166,0.04798269271850586
4.043446063995361,1035,54180565,0.04738450050354004
4.081583023071289,1036,54232964,0.046051979064941406
4.078446388244629,1037,54285363,0.04570889472961426
4.030848026275635,1038,54337762,0.0448451042175293
4.080829620361328,1039,54390161,0.04611372947692871
4.028388023376465,1040,54442560,0.04482913017272949
4.028898239135742,1041,54494959,0.04598736763000488
4.014179229736328,1042,54547358,0.04575228691101074
4.071805953979492,1043,54599757,0.04488110542297363
4.052347183227539,1044,54652156,0.045995473861694336
4.053208827972412,1045,54704555,0.04503774642944336
4.064663410186768,1046,54756954,0.04537773132324219
4.02587890625,1047,54809353,0.04458427429199219
4.026124954223633,1048,54861752,0.044274330139160156
4.053381443023682,1049,54914151,0.046277761459350586
4.081564426422119,1050,54966550,0.047204017639160156
4.068461894989014,1051,55018949,0.04467272758483887
4.049322128295898,1052,55071348,0.04609823226928711
4.073567867279053,1053,55123747,0.045142412185668945
4.083234786987305,1054,55176146,0.045999765396118164
4.114688873291016,1055,55228545,0.046155691146850586
4.050604820251465,1056,55280944,0.04643702507019043
4.079904556274414,1057,55333343,0.046143531799316406
4.105038642883301,1058,55385742,0.04608941078186035
4.104060173034668,1059,55438141,0.04594707489013672
4.073467254638672,1060,55490540,0.044768333435058594
4.084702014923096,1061,55542939,0.04571247100830078
4.047338962554932,1062,55595338,0.044738054275512695
4.094322681427002,1063,55647737,0.047347068786621094
4.049659729003906,1064,55700136,0.04424738883972168
4.052220821380615,1065,55752535,0.0444948673248291
4.0541887283325195,1066,55804934,0.04411649703979492
4.011114597320557,1067,55857333,0.044175148010253906
4.065895080566406,1068,55909732,0.04412961006164551
4.091225624084473,1069,55962131,0.04573678970336914
4.075948238372803,1070,56014530,0.044266462326049805
4.138736724853516,1071,56066929,0.04423165321350098
4.094924449920654,1072,56119328,0.0441741943359375
4.074772834777832,1073,56171727,0.04417228698730469
4.058932304382324,1074,56224126,0.04422426223754883
4.061341762542725,1075,56276525,0.044139862060546875
4.088438034057617,1076,56328924,0.044141530990600586
4.054897785186768,1077,56381323,0.044241905212402344
4.053480625152588,1078,56433722,0.0442047119140625
4.012114524841309,1079,56486121,0.04413747787475586
4.043952465057373,1080,56538520,0.04388689994812012
4.060939788818359,1081,56590919,0.044742584228515625
4.040820598602295,1082,56643318,0.0444943904876709
4.079032897949219,1083,56695717,0.04384636878967285
4.076950550079346,1084,56748116,0.043802499771118164
4.091305255889893,1085,56800515,0.043814659118652344
4.060196399688721,1086,56852914,0.04415082931518555
4.0366902351379395,1087,56905313,0.04419302940368652
4.0714030265808105,1088,56957712,0.04365849494934082
4.053422927856445,1089,57010111,0.043977975845336914
4.062500953674316,1090,57062510,0.043729305267333984
4.04901647567749,1091,57114909,0.04492306709289551
4.088772296905518,1092,57167308,0.04426836967468262
4.049260139465332,1093,57219707,0.044391632080078125
4.079203128814697,1094,57272106,0.044339656829833984
4.0274810791015625,1095,57324505,0.04443645477294922
4.066408634185791,1096,57376904,0.0444643497467041
4.084863662719727,1097,57429303,0.04423093795776367
4.077889442443848,1098,57481702,0.04420161247253418
4.046367645263672,1099,57534101,0.04410839080810547
4.0901594161987305,1100,57586500,0.04421377182006836
4.048068046569824,1101,57638899,0.04418158531188965
4.085318088531494,1102,57691298,0.04677391052246094
4.031533718109131,1103,57743697,0.045626163482666016
4.067926406860352,1104,57796096,0.044580936431884766
4.062429904937744,1105,57848495,0.04476118087768555
4.084499359130859,1106,57900894,0.04431629180908203
4.1007513999938965,1107,57953293,0.04403042793273926
4.078404426574707,1108,58005692,0.04444551467895508
4.046156883239746,1109,58058091,0.04416775703430176
4.06339693069458,1110,58110490,0.04401135444641113
4.0596795082092285,1111,58162889,0.044251441955566406
4.046487808227539,1112,58215288,0.044100046157836914
4.0636444091796875,1113,58267687,0.04498481750488281
4.08064603805542,1114,58320086,0.04439687728881836
4.08225679397583,1115,58372485,0.044144392013549805
4.024606227874756,1116,58424884,0.044381141662597656
4.065710544586182,1117,58477283,0.04422640800476074
4.05653190612793,1118,58529682,0.04414629936218262
4.088715076446533,1119,58582081,0.045192718505859375
4.0389018058776855,1120,58634480,0.04428505897521973
4.078919410705566,1121,58686879,0.044121503829956055
4.038468360900879,1122,58739278,0.0441126823425293
4.067685127258301,1123,58791677,0.04404163360595703
4.049961566925049,1124,58844076,0.04403805732727051
4.072549819946289,1125,58896475,0.04478883743286133
4.099880695343018,1126,58948874,0.04457664489746094
4.072751045227051,1127,59001273,0.04396700859069824
4.04391622543335,1128,59053672,0.04407787322998047
4.045115947723389,1129,59106071,0.04448580741882324
4.066495418548584,1130,59158470,0.04407978057861328
4.02114200592041,1131,59210869,0.044081926345825195
4.06870174407959,1132,59263268,0.044052839279174805
4.0783305168151855,1133,59315667,0.04544568061828613
4.048080921173096,1134,59368066,0.04459810256958008
4.053679466247559,1135,59420465,0.04401588439941406
4.071296215057373,1136,59472864,0.044480323791503906
4.0517754554748535,1137,59525263,0.04432058334350586
3.9983906745910645,1138,59577662,0.04399871826171875
4.045013427734375,1139,59630061,0.043939828872680664
4.053783893585205,1140,59682460,0.04478645324707031
4.077815055847168,1141,59734859,0.04465341567993164
4.039501190185547,1142,59787258,0.04423213005065918
4.0723676681518555,1143,59839657,0.04416489601135254
4.026936054229736,1144,59892056,0.044020891189575195
4.058969974517822,1145,59944455,0.04449605941772461
4.061102867126465,1146,59996854,0.044187068939208984
4.046965599060059,1147,60049253,0.04406571388244629
4.0242600440979,1148,60101652,0.04417252540588379
4.053121089935303,1149,60154051,0.045235395431518555
4.092989921569824,1150,60206450,0.04434919357299805
4.0404791831970215,1151,60258849,0.04422402381896973
4.047482490539551,1152,60311248,0.04418349266052246
4.060990810394287,1153,60363647,0.044400691986083984
4.0582685470581055,1154,60416046,0.04451298713684082
4.060906887054443,1155,60468445,0.04452037811279297
4.0256028175354,1156,60520844,0.04412841796875
4.069605827331543,1157,60573243,0.0442805290222168
4.047800540924072,1158,60625642,0.044785499572753906
4.025388240814209,1159,60678041,0.044483184814453125
4.069589614868164,1160,60730440,0.04412961006164551
4.115292549133301,1161,60782839,0.04443478584289551
4.037507057189941,1162,60835238,0.0444486141204834
4.103738307952881,1163,60887637,0.04446053504943848
4.061141490936279,1164,60940036,0.04425048828125
4.0615644454956055,1165,60992435,0.04412722587585449
4.099057674407959,1166,61044834,0.04410409927368164
4.033062934875488,1167,61097233,0.0442202091217041
4.017637252807617,1168,61149632,0.044049978256225586
4.0316243171691895,1169,61202031,0.04499030113220215
4.051573276519775,1170,61254430,0.04435300827026367
4.058053016662598,1171,61306829,0.044098854064941406
4.048849105834961,1172,61359228,0.044152259826660156
4.063216686248779,1173,61411627,0.04394984245300293
4.08359956741333,1174,61464026,0.04412698745727539
4.071198463439941,1175,61516425,0.04401063919067383
4.083685874938965,1176,61568824,0.044013261795043945
4.052511215209961,1177,61621223,0.04409289360046387
4.057988166809082,1178,61673622,0.04406142234802246
4.060030937194824,1179,61726021,0.04400205612182617
4.0507354736328125,1180,61778420,0.04434466361999512
4.075628280639648,1181,61830819,0.04428577423095703
4.045512676239014,1182,61883218,0.04400444030761719
4.105124473571777,1183,61935617,0.04399561882019043
4.053668975830078,1184,61988016,0.044031381607055664
4.023430347442627,1185,62040415,0.04395246505737305
4.111420631408691,1186,62092814,0.044156551361083984
4.08461856842041,1187,62145213,0.04439282417297363
4.032976150512695,1188,62197612,0.044011831283569336
4.073556423187256,1189,62250011,0.0438539981842041
4.0431132316589355,1190,62302410,0.044097185134887695
4.0900559425354,1191,62354809,0.04434847831726074
4.007545471191406,1192,62407208,0.04628109931945801
4.053910255432129,1193,62459607,0.04415535926818848
4.036385536193848,1194,62512006,0.044130802154541016
4.077193260192871,1195,62564405,0.04418826103210449
4.0527424812316895,1196,62616804,0.04413485527038574
4.0748701095581055,1197,62669203,0.043915510177612305
4.120519638061523,1198,62721602,0.04393625259399414
4.045839309692383,1199,62774001,0.04408454895019531
4.043132781982422,1200,62826400,0.04411578178405762
4.058337688446045,1201,62878799,0.0441281795501709
4.069586753845215,1202,62931198,0.04671120643615723
4.025609970092773,1203,62983597,0.044898033142089844
4.024266719818115,1204,63035996,0.04432964324951172
4.059431552886963,1205,63088395,0.04432249069213867
4.056220054626465,1206,63140794,0.04504680633544922
4.1177659034729,1207,63193193,0.044756412506103516
4.045950889587402,1208,63245592,0.04460501670837402
4.018894672393799,1209,63297991,0.046511173248291016
4.056252956390381,1210,63350390,0.045076608657836914
4.070936679840088,1211,63402789,0.04654431343078613
4.076707363128662,1212,63455188,0.046398162841796875
3.993272542953491,1213,63507587,0.046976566314697266
4.056641578674316,1214,63559986,0.04490494728088379
4.032248497009277,1215,63612385,0.04617667198181152
4.069265365600586,1216,63664784,0.0495607852935791
4.0956339836120605,1217,63717183,0.046659231185913086
4.049653053283691,1218,63769582,0.04671597480773926
4.060085296630859,1219,63821981,0.048938751220703125
4.09300422668457,1220,63874380,0.04746246337890625
4.045170783996582,1221,63926779,0.0451052188873291
4.069522857666016,1222,63979178,0.045624494552612305
4.06228494644165,1223,64031577,0.04524087905883789
4.080480098724365,1224,64083976,0.04726552963256836
4.080918788909912,1225,64136375,0.04437899589538574
4.0548248291015625,1226,64188774,0.044327497482299805
4.0604939460754395,1227,64241173,0.04512929916381836
3.9857418537139893,1228,64293572,0.044930458068847656
4.071685791015625,1229,64345971,0.04416370391845703
4.065454483032227,1230,64398370,0.044152021408081055
4.084888935089111,1231,64450769,0.04510092735290527
4.0447540283203125,1232,64503168,0.04467916488647461
4.050108909606934,1233,64555567,0.044445037841796875
4.074845790863037,1234,64607966,0.04419970512390137
4.046112537384033,1235,64660365,0.04463315010070801
4.061641216278076,1236,64712764,0.04440736770629883
4.039797306060791,1237,64765163,0.044161081314086914
4.0497612953186035,1238,64817562,0.04414677619934082
4.048748970031738,1239,64869961,0.044791221618652344
4.057394504547119,1240,64922360,0.04423189163208008
4.037951469421387,1241,64974759,0.044167518615722656
4.022249221801758,1242,65027158,0.04427647590637207
4.056657314300537,1243,65079557,0.044248104095458984
4.058804512023926,1244,65131956,0.04420590400695801
4.061084747314453,1245,65184355,0.04429817199707031
4.083210468292236,1246,65236754,0.04509902000427246
4.114315986633301,1247,65289153,0.04474067687988281
4.008608341217041,1248,65341552,0.04433727264404297
4.078710079193115,1249,65393951,0.04424548149108887
4.0804443359375,1250,65446350,0.04461050033569336
4.031561851501465,1251,65498749,0.0444643497467041
4.097146987915039,1252,65551148,0.04425525665283203
4.027841091156006,1253,65603547,0.04407620429992676
4.056055545806885,1254,65655946,0.04525256156921387
4.046757221221924,1255,65708345,0.044463157653808594
4.053388595581055,1256,65760744,0.04423642158508301
4.0698933601379395,1257,65813143,0.04431509971618652
4.067419528961182,1258,65865542,0.04477286338806152
4.080690860748291,1259,65917941,0.04434061050415039
4.067392349243164,1260,65970340,0.04433751106262207
4.060084342956543,1261,66022739,0.0441594123840332
4.079394817352295,1262,66075138,0.045348405838012695
4.055881500244141,1263,66127537,0.04474759101867676
4.044256210327148,1264,66179936,0.04422259330749512
4.062771320343018,1265,66232335,0.044226884841918945
4.045277118682861,1266,66284734,0.04424405097961426
4.038896083831787,1267,66337133,0.04466414451599121
4.070644378662109,1268,66389532,0.044428110122680664
4.0736517906188965,1269,66441931,0.04416036605834961
4.042842864990234,1270,66494330,0.04416990280151367
4.034286975860596,1271,66546729,0.045671701431274414
4.019192695617676,1272,66599128,0.04442334175109863
4.034914970397949,1273,66651527,0.0443882942199707
4.084478378295898,1274,66703926,0.04480862617492676
4.045691967010498,1275,66756325,0.044893503189086914
4.053149700164795,1276,66808724,0.044358015060424805
4.035640716552734,1277,66861123,0.04417729377746582
4.018589973449707,1278,66913522,0.04418492317199707
4.049019813537598,1279,66965921,0.0441737174987793
4.045808792114258,1280,67018320,0.045378923416137695
4.072254180908203,1281,67070719,0.044788360595703125
4.051643371582031,1282,67123118,0.0442657470703125
4.049333572387695,1283,67175517,0.044400691986083984
4.01069974899292,1284,67227916,0.04469490051269531
4.037721633911133,1285,67280315,0.044870615005493164
4.034292221069336,1286,67332714,0.04436516761779785
4.045901775360107,1287,67385113,0.04421734809875488
4.038301944732666,1288,67437512,0.044225215911865234
4.070162773132324,1289,67489911,0.04425668716430664
4.086843967437744,1290,67542310,0.04523301124572754
4.048901557922363,1291,67594709,0.04442024230957031
4.083259105682373,1292,67647108,0.044237375259399414
4.131697654724121,1293,67699507,0.044081926345825195
4.061604976654053,1294,67751906,0.0442352294921875
4.020205497741699,1295,67804305,0.0442659854888916
4.065258026123047,1296,67856704,0.04427051544189453
4.029895782470703,1297,67909103,0.0441434383392334
4.047780990600586,1298,67961502,0.04430794715881348
4.087660789489746,1299,68013901,0.04434823989868164
4.019270896911621,1300,68066300,0.04504513740539551
4.070869445800781,1301,68118699,0.04471397399902344
4.051357746124268,1302,68171098,0.046529531478881836
4.067057132720947,1303,68223497,0.044013023376464844
4.045062065124512,1304,68275896,0.04379987716674805
4.00673246383667,1305,68328295,0.044841766357421875
4.057787895202637,1306,68380694,0.0443875789642334
4.037805557250977,1307,68433093,0.04385638236999512
4.066801071166992,1308,68485492,0.044135332107543945
4.055773735046387,1309,68537891,0.04388689994812012
4.031221866607666,1310,68590290,0.0438082218170166
4.028250217437744,1311,68642689,0.044673919677734375
4.065203666687012,1312,68695088,0.04391789436340332
4.045917987823486,1313,68747487,0.043691158294677734
4.030961036682129,1314,68799886,0.043669939041137695
4.060931205749512,1315,68852285,0.04382514953613281
4.028746604919434,1316,68904684,0.04382205009460449
4.070632457733154,1317,68957083,0.04388737678527832
4.022732257843018,1318,69009482,0.044684648513793945
4.067417144775391,1319,69061881,0.04416656494140625
4.074914455413818,1320,69114280,0.043943166732788086
4.060942649841309,1321,69166679,0.0436704158782959
4.010601997375488,1322,69219078,0.04393339157104492
4.070168495178223,1323,69271477,0.04380655288696289
4.0747270584106445,1324,69323876,0.044013023376464844
4.072756290435791,1325,69376275,0.04469919204711914
4.061875820159912,1326,69428674,0.0440211296081543
4.053811073303223,1327,69481073,0.04376220703125
4.050600051879883,1328,69533472,0.04365968704223633
4.018326282501221,1329,69585871,0.04372739791870117
4.041721343994141,1330,69638270,0.04400205612182617
4.053586959838867,1331,69690669,0.04383063316345215
4.049871921539307,1332,69743068,0.0445399284362793
4.059475898742676,1333,69795467,0.0442962646484375
4.049540042877197,1334,69847866,0.04386544227600098
3.989814519882202,1335,69900265,0.04376983642578125
4.071405410766602,1336,69952664,0.04477095603942871
4.056459903717041,1337,70005063,0.04451799392700195
4.0142822265625,1338,70057462,0.04409050941467285
4.0872955322265625,1339,70109861,0.04506802558898926
4.035353660583496,1340,70162260,0.04403233528137207
4.07020378112793,1341,70214659,0.04394793510437012
4.056478500366211,1342,70267058,0.04375004768371582
4.009235382080078,1343,70319457,0.043792724609375
4.038906097412109,1344,70371856,0.04378104209899902
4.01395845413208,1345,70424255,0.043982744216918945
4.035416603088379,1346,70476654,0.04377388954162598
4.09500789642334,1347,70529053,0.04464268684387207
4.074423789978027,1348,70581452,0.044229984283447266
4.044844150543213,1349,70633851,0.04375958442687988
4.0571513175964355,1350,70686250,0.04382610321044922
3.998002767562866,1351,70738649,0.04410886764526367
4.053676605224609,1352,70791048,0.04420614242553711
4.01841402053833,1353,70843447,0.04376959800720215
4.050186634063721,1354,70895846,0.0440213680267334
4.074742794036865,1355,70948245,0.044802188873291016
4.052175998687744,1356,71000644,0.04399442672729492
4.069639205932617,1357,71053043,0.04380154609680176
4.048713684082031,1358,71105442,0.04405522346496582
4.0770769119262695,1359,71157841,0.043843984603881836
4.06138277053833,1360,71210240,0.043871164321899414
4.031452178955078,1361,71262639,0.0438082218170166
4.031489372253418,1362,71315038,0.04366898536682129
4.0191545486450195,1363,71367437,0.04461264610290527
4.0721116065979,1364,71419836,0.04439973831176758
4.08571195602417,1365,71472235,0.04391646385192871
4.065288066864014,1366,71524634,0.04384589195251465
4.06019926071167,1367,71577033,0.043802738189697266
4.051507949829102,1368,71629432,0.044187068939208984
4.094991683959961,1369,71681831,0.04397249221801758
4.063473701477051,1370,71734230,0.04380202293395996
4.050772190093994,1371,71786629,0.04384255409240723
4.0380096435546875,1372,71839028,0.04378557205200195
4.004829406738281,1373,71891427,0.04429745674133301
4.032071590423584,1374,71943826,0.04375123977661133
4.07068395614624,1375,71996225,0.04376029968261719
4.040116310119629,1376,72048624,0.04374980926513672
4.069589614868164,1377,72101023,0.043769121170043945
4.047840118408203,1378,72153422,0.04383373260498047
4.037447929382324,1379,72205821,0.043807029724121094
4.064821720123291,1380,72258220,0.04366326332092285
4.0615997314453125,1381,72310619,0.04368758201599121
4.049365520477295,1382,72363018,0.04396319389343262
4.080526828765869,1383,72415417,0.04417586326599121
4.058630466461182,1384,72467816,0.04380536079406738
4.061321258544922,1385,72520215,0.04382896423339844
4.07557487487793,1386,72572614,0.04384112358093262
4.081958770751953,1387,72625013,0.04423403739929199
4.078726768493652,1388,72677412,0.044411420822143555
4.065321922302246,1389,72729811,0.043907880783081055
4.070570945739746,1390,72782210,0.04386329650878906
4.040456771850586,1391,72834609,0.04369544982910156
4.051748752593994,1392,72887008,0.04478931427001953
4.045030117034912,1393,72939407,0.04382205009460449
4.031002521514893,1394,72991806,0.04384160041809082
4.040641784667969,1395,73044205,0.04467487335205078
4.058366775512695,1396,73096604,0.044091224670410156
4.0443267822265625,1397,73149003,0.04407382011413574
4.057500839233398,1398,73201402,0.043799400329589844
4.050716876983643,1399,73253801,0.04407000541687012
4.0518083572387695,1400,73306200,0.04419565200805664
4.070448398590088,1401,73358599,0.04413866996765137
4.078377723693848,1402,73410998,0.04631400108337402
4.074695110321045,1403,73463397,0.04444456100463867
4.066033363342285,1404,73515796,0.04426145553588867
4.05741548538208,1405,73568195,0.04418468475341797
4.03316593170166,1406,73620594,0.0442960262298584
4.068295001983643,1407,73672993,0.04433870315551758
4.052494049072266,1408,73725392,0.044328927993774414
4.072577953338623,1409,73777791,0.04430103302001953
4.001964092254639,1410,73830190,0.04424643516540527
4.047366142272949,1411,73882589,0.04422426223754883
4.056826591491699,1412,73934988,0.04424762725830078
4.0480570793151855,1413,73987387,0.0442657470703125
4.077446937561035,1414,74039786,0.04430055618286133
4.018427848815918,1415,74092185,0.04416656494140625
4.022715091705322,1416,74144584,0.044217824935913086
4.040447235107422,1417,74196983,0.04423952102661133
4.046548843383789,1418,74249382,0.04428434371948242
4.030383110046387,1419,74301781,0.04427361488342285
4.077549457550049,1420,74354180,0.04420900344848633
4.082381725311279,1421,74406579,0.04430842399597168
4.041424751281738,1422,74458978,0.0442509651184082
4.067983150482178,1423,74511377,0.04431605339050293
4.056931495666504,1424,74563776,0.04422712326049805
4.036861896514893,1425,74616175,0.04431915283203125
4.061565399169922,1426,74668574,0.04418754577636719
4.021323204040527,1427,74720973,0.04447126388549805
4.008511543273926,1428,74773372,0.04448294639587402
4.045224666595459,1429,74825771,0.04433393478393555
4.062931537628174,1430,74878170,0.04419398307800293
4.013098239898682,1431,74930569,0.044361114501953125
4.041260242462158,1432,74982968,0.04426765441894531
4.0565056800842285,1433,75035367,0.044220685958862305
4.073554992675781,1434,75087766,0.04423642158508301
4.046870708465576,1435,75140165,0.04431509971618652
4.017216205596924,1436,75192564,0.04429435729980469
4.071078300476074,1437,75244963,0.04420208930969238
4.041447639465332,1438,75297362,0.044217586517333984
4.052247524261475,1439,75349761,0.044297218322753906
4.0439677238464355,1440,75402160,0.044046878814697266
4.038134574890137,1441,75454559,0.04425621032714844
4.077014446258545,1442,75506958,0.04426407814025879
4.062873363494873,1443,75559357,0.04429459571838379
3.9721221923828125,1444,75611756,0.04431009292602539
4.037529945373535,1445,75664155,0.0443422794342041
4.081111431121826,1446,75716554,0.044322967529296875
4.070631504058838,1447,75768953,0.04429960250854492
4.032423973083496,1448,75821352,0.04431343078613281
4.0476813316345215,1449,75873751,0.044274091720581055
4.108591556549072,1450,75926150,0.04435563087463379
4.072134971618652,1451,75978549,0.04408097267150879
4.040239334106445,1452,76030948,0.044291019439697266
4.04355525970459,1453,76083347,0.04448723793029785
4.059202671051025,1454,76135746,0.04423880577087402
4.064332485198975,1455,76188145,0.04425835609436035
4.067502021789551,1456,76240544,0.0442805290222168
4.042805194854736,1457,76292943,0.04428458213806152
4.043697834014893,1458,76345342,0.04420351982116699
4.088070392608643,1459,76397741,0.04429221153259277
4.071502208709717,1460,76450140,0.04444432258605957
4.054992198944092,1461,76502539,0.04425787925720215
4.05905818939209,1462,76554938,0.04418802261352539
4.028456211090088,1463,76607337,0.044255971908569336
4.079596996307373,1464,76659736,0.04430389404296875
4.062104225158691,1465,76712135,0.044196128845214844
4.084018230438232,1466,76764534,0.044168710708618164
4.025897979736328,1467,76816933,0.044313907623291016
4.049100399017334,1468,76869332,0.04434370994567871
4.065498352050781,1469,76921731,0.044205427169799805
4.057486534118652,1470,76974130,0.044281721115112305
4.068889141082764,1471,77026529,0.044222116470336914
4.029435157775879,1472,77078928,0.044233083724975586
4.064088821411133,1473,77131327,0.044260263442993164
4.057190895080566,1474,77183726,0.04429507255554199
4.072550296783447,1475,77236125,0.0443577766418457
4.043860912322998,1476,77288524,0.044165849685668945
4.036792755126953,1477,77340923,0.04439115524291992
4.02593994140625,1478,77393322,0.04558444023132324
4.102280139923096,1479,77445721,0.04471302032470703
4.040074348449707,1480,77498120,0.044209957122802734
4.075079441070557,1481,77550519,0.044907331466674805
3.9893150329589844,1482,77602918,0.04433751106262207
4.058961391448975,1483,77655317,0.045290231704711914
4.053046226501465,1484,77707716,0.04433178901672363
4.050515651702881,1485,77760115,0.04441714286804199
4.054863929748535,1486,77812514,0.044350385665893555
4.0341691970825195,1487,77864913,0.0443272590637207
4.062881946563721,1488,77917312,0.04505181312561035
4.065073013305664,1489,77969711,0.044722557067871094
4.005309104919434,1490,78022110,0.044211387634277344
4.027637481689453,1491,78074509,0.044651031494140625
4.037721633911133,1492,78126908,0.04446077346801758
4.075948715209961,1493,78179307,0.045105695724487305
3.999152660369873,1494,78231706,0.044358015060424805
4.048176288604736,1495,78284105,0.044300079345703125
4.022130012512207,1496,78336504,0.044295310974121094
4.05934476852417,1497,78388903,0.0440068244934082
4.078840732574463,1498,78441302,0.04439687728881836
4.057896614074707,1499,78493701,0.04444766044616699
4.080503940582275,1500,78546100,0.04411196708679199
4.074594497680664,1501,78598499,0.04395556449890137
4.058510780334473,1502,78650898,0.04670858383178711
4.007535457611084,1503,78703297,0.04393434524536133
4.083866119384766,1504,78755696,0.04457998275756836
4.052370071411133,1505,78808095,0.044292449951171875
4.053213119506836,1506,78860494,0.043770551681518555
4.074862003326416,1507,78912893,0.04414081573486328
4.058781623840332,1508,78965292,0.043929100036621094
4.052553653717041,1509,79017691,0.043782711029052734
4.061426639556885,1510,79070090,0.04484963417053223
4.032101154327393,1511,79122489,0.044092416763305664
4.110076904296875,1512,79174888,0.0438690185546875
4.051297187805176,1513,79227287,0.04383444786071777
4.054306983947754,1514,79279686,0.04387545585632324
4.056993007659912,1515,79332085,0.04387950897216797
4.0027174949646,1516,79384484,0.04453134536743164
4.047098159790039,1517,79436883,0.04428720474243164
4.029918193817139,1518,79489282,0.0437314510345459
4.035223007202148,1519,79541681,0.04386711120605469
4.070694923400879,1520,79594080,0.04427480697631836
4.053152561187744,1521,79646479,0.04384589195251465
3.999636173248291,1522,79698878,0.04380631446838379
4.028559684753418,1523,79751277,0.04485774040222168
4.026546478271484,1524,79803676,0.04396486282348633
4.070669651031494,1525,79856075,0.04400897026062012
4.024082660675049,1526,79908474,0.04465627670288086
4.070219993591309,1527,79960873,0.04390263557434082
4.034783363342285,1528,80013272,0.04384350776672363
4.054238796234131,1529,80065671,0.043909549713134766
4.033655643463135,1530,80118070,0.04447007179260254
4.041088581085205,1531,80170469,0.044478416442871094
4.043942928314209,1532,80222868,0.04405713081359863
4.02908992767334,1533,80275267,0.04433178901672363
4.020721912384033,1534,80327666,0.04415559768676758
4.059333324432373,1535,80380065,0.0438535213470459
4.033023357391357,1536,80432464,0.043769121170043945
4.043118953704834,1537,80484863,0.04480791091918945
4.043216228485107,1538,80537262,0.04398369789123535
4.047301292419434,1539,80589661,0.04373025894165039
4.014921188354492,1540,80642060,0.04379725456237793
4.020547389984131,1541,80694459,0.04380917549133301
4.051273345947266,1542,80746858,0.043860673904418945
4.016403675079346,1543,80799257,0.043746232986450195
4.0729756355285645,1544,80851656,0.04373574256896973
4.031261444091797,1545,80904055,0.04509329795837402
4.073963165283203,1546,80956454,0.043833255767822266
4.069650173187256,1547,81008853,0.04400300979614258
4.068395614624023,1548,81061252,0.04380393028259277
4.066169261932373,1549,81113651,0.04398536682128906
4.051294803619385,1550,81166050,0.04388236999511719
4.063529014587402,1551,81218449,0.04374408721923828
4.083407878875732,1552,81270848,0.043890953063964844
4.0353851318359375,1553,81323247,0.04483938217163086
4.066397190093994,1554,81375646,0.04440665245056152
4.081454277038574,1555,81428045,0.0438995361328125
4.034782886505127,1556,81480444,0.04380202293395996
4.023650169372559,1557,81532843,0.04381275177001953
4.065859794616699,1558,81585242,0.04387354850769043
4.029909610748291,1559,81637641,0.04384136199951172
4.048861026763916,1560,81690040,0.04370737075805664
4.025794982910156,1561,81742439,0.04446101188659668
4.053330421447754,1562,81794838,0.044229984283447266
4.053367614746094,1563,81847237,0.044870853424072266
4.086214065551758,1564,81899636,0.045185089111328125
4.042522430419922,1565,81952035,0.04626321792602539
4.086360454559326,1566,82004434,0.04618024826049805
4.058875560760498,1567,82056833,0.04628133773803711
4.060560703277588,1568,82109232,0.04587697982788086
4.022449016571045,1569,82161631,0.046054840087890625
4.0692667961120605,1570,82214030,0.047858476638793945
4.089173316955566,1571,82266429,0.04625678062438965
4.0695695877075195,1572,82318828,0.04587817192077637
4.066229343414307,1573,82371227,0.04590964317321777
4.0462141036987305,1574,82423626,0.045830726623535156
4.040196418762207,1575,82476025,0.045690298080444336
4.056359767913818,1576,82528424,0.046344757080078125
4.035830020904541,1577,82580823,0.04589271545410156
4.031003952026367,1578,82633222,0.04686713218688965
4.040818691253662,1579,82685621,0.04668402671813965
4.019657135009766,1580,82738020,0.045980215072631836
4.0236124992370605,1581,82790419,0.045916080474853516
4.0577712059021,1582,82842818,0.0460207462310791
4.03219747543335,1583,82895217,0.04658317565917969
4.078761577606201,1584,82947616,0.04623723030090332
4.073940277099609,1585,83000015,0.04588747024536133
4.079792022705078,1586,83052414,0.04449319839477539
4.05239200592041,1587,83104813,0.046056509017944336
4.1058220863342285,1588,83157212,0.04454612731933594
4.073709011077881,1589,83209611,0.044397592544555664
4.047670364379883,1590,83262010,0.04421353340148926
4.030146598815918,1591,83314409,0.04423117637634277
4.041088104248047,1592,83366808,0.04418492317199707
4.035192966461182,1593,83419207,0.04413604736328125
4.052932262420654,1594,83471606,0.0442354679107666
4.0474348068237305,1595,83524005,0.044118404388427734
4.0141448974609375,1596,83576404,0.04406428337097168
4.029423713684082,1597,83628803,0.04490327835083008
4.04633092880249,1598,83681202,0.0446925163269043
4.059323787689209,1599,83733601,0.044199228286743164
4.032637596130371,1600,83786000,0.04412341117858887
4.0681657791137695,1601,83838399,0.04416489601135254
3.9915337562561035,1602,83890798,0.04612278938293457
4.0458083152771,1603,83943197,0.04420614242553711
3.9930953979492188,1604,83995596,0.04513120651245117
4.060164928436279,1605,84047995,0.044344425201416016
4.032839298248291,1606,84100394,0.044174909591674805
3.9972403049468994,1607,84152793,0.04542207717895508
4.036403656005859,1608,84205192,0.044782161712646484
4.056201457977295,1609,84257591,0.044233083724975586
4.054043292999268,1610,84309990,0.04473280906677246
4.081455230712891,1611,84362389,0.044448137283325195
4.050143241882324,1612,84414788,0.04433274269104004
4.059831142425537,1613,84467187,0.046616315841674805
4.069369316101074,1614,84519586,0.0444033145904541
4.047569751739502,1615,84571985,0.04572439193725586
4.102433681488037,1616,84624384,0.046248674392700195
4.08853006362915,1617,84676783,0.04504203796386719
4.040440559387207,1618,84729182,0.04662299156188965
4.049787521362305,1619,84781581,0.0446469783782959
4.030272006988525,1620,84833980,0.049315690994262695
4.027105331420898,1621,84886379,0.046624183654785156
4.085788249969482,1622,84938778,0.04642939567565918
4.053751468658447,1623,84991177,0.04522109031677246
4.031216621398926,1624,85043576,0.04427838325500488
4.064068794250488,1625,85095975,0.046759843826293945
4.024934768676758,1626,85148374,0.04477095603942871
4.066102027893066,1627,85200773,0.046022891998291016
4.0389485359191895,1628,85253172,0.04719185829162598
4.039515018463135,1629,85305571,0.04430341720581055
4.0379815101623535,1630,85357970,0.048742055892944336
4.012841701507568,1631,85410369,0.04635119438171387
4.06549072265625,1632,85462768,0.04663372039794922
4.023835182189941,1633,85515167,0.04547452926635742
4.05200719833374,1634,85567566,0.04512286186218262
4.04152774810791,1635,85619965,0.04663896560668945
4.045109748840332,1636,85672364,0.04517030715942383
4.03646183013916,1637,85724763,0.04462027549743652
4.041881561279297,1638,85777162,0.04661130905151367
4.042417526245117,1639,85829561,0.04616832733154297
4.069019794464111,1640,85881960,0.046802520751953125
4.084334850311279,1641,85934359,0.04627394676208496
4.040320873260498,1642,85986758,0.0459747314453125
4.045933246612549,1643,86039157,0.0457613468170166
4.073181629180908,1644,86091556,0.04599642753601074
4.0477519035339355,1645,86143955,0.04599595069885254
4.077795505523682,1646,86196354,0.04618191719055176
4.075553894042969,1647,86248753,0.04491376876831055
4.051576614379883,1648,86301152,0.04481387138366699
4.013528347015381,1649,86353551,0.04662799835205078
4.089749813079834,1650,86405950,0.045409440994262695
4.0224528312683105,1651,86458349,0.044821739196777344
4.04926061630249,1652,86510748,0.04758310317993164
4.079968452453613,1653,86563147,0.04743838310241699
4.073370456695557,1654,86615546,0.048337697982788086
4.05784797668457,1655,86667945,0.04460430145263672
4.084895133972168,1656,86720344,0.04406380653381348
4.03339958190918,1657,86772743,0.043879032135009766
4.0458173751831055,1658,86825142,0.04433846473693848
4.060995578765869,1659,86877541,0.04407930374145508
4.088347911834717,1660,86929940,0.04396700859069824
4.047366619110107,1661,86982339,0.04436087608337402
4.0030598640441895,1662,87034738,0.04390835762023926
4.0386128425598145,1663,87087137,0.04388999938964844
4.036759853363037,1664,87139536,0.04510664939880371
4.03693962097168,1665,87191935,0.04404187202453613
4.045154094696045,1666,87244334,0.04388618469238281
4.058590412139893,1667,87296733,0.04378771781921387
4.046478748321533,1668,87349132,0.043854475021362305
4.050960540771484,1669,87401531,0.043877363204956055
4.044283866882324,1670,87453930,0.044376373291015625
4.034631729125977,1671,87506329,0.0439152717590332
4.08864164352417,1672,87558728,0.0440363883972168
4.0519490242004395,1673,87611127,0.043894052505493164
4.084240436553955,1674,87663526,0.04387974739074707
4.023866653442383,1675,87715925,0.04384207725524902
4.016746997833252,1676,87768324,0.04378104209899902
4.056753635406494,1677,87820723,0.04405379295349121
4.041208267211914,1678,87873122,0.04413557052612305
4.074110984802246,1679,87925521,0.04381442070007324
4.044817924499512,1680,87977920,0.04419589042663574
4.019386291503906,1681,88030319,0.04411792755126953
4.0044989585876465,1682,88082718,0.04387021064758301
4.067176818847656,1683,88135117,0.04385232925415039
4.088453769683838,1684,88187516,0.04394221305847168
4.05937385559082,1685,88239915,0.04426002502441406
4.037868976593018,1686,88292314,0.04398846626281738
4.090325355529785,1687,88344713,0.04384922981262207
4.065373420715332,1688,88397112,0.0439457893371582
4.0420331954956055,1689,88449511,0.04378843307495117
4.064416408538818,1690,88501910,0.04402041435241699
4.019704341888428,1691,88554309,0.043920040130615234
4.052358627319336,1692,88606708,0.043875932693481445
4.065258026123047,1693,88659107,0.04495978355407715
4.039787769317627,1694,88711506,0.04410219192504883
4.02971076965332,1695,88763905,0.043825626373291016
4.081604957580566,1696,88816304,0.0438690185546875
4.092989921569824,1697,88868703,0.04389810562133789
4.0745625495910645,1698,88921102,0.0438687801361084
4.051124095916748,1699,88973501,0.04389357566833496
4.060095310211182,1700,89025900,0.04383707046508789
4.120120525360107,1701,89078299,0.04370927810668945
4.0609636306762695,1702,89130698,0.04614853858947754
4.047511577606201,1703,89183097,0.04577970504760742
4.067786693572998,1704,89235496,0.04452037811279297
4.076528549194336,1705,89287895,0.0441434383392334
4.065585613250732,1706,89340294,0.04387164115905762
4.055337429046631,1707,89392693,0.044111013412475586
4.085515975952148,1708,89445092,0.04403972625732422
4.069934844970703,1709,89497491,0.043990373611450195
4.034692764282227,1710,89549890,0.04381370544433594
4.07914924621582,1711,89602289,0.04494428634643555
4.056243896484375,1712,89654688,0.04394936561584473
4.071896076202393,1713,89707087,0.04397726058959961
4.070188045501709,1714,89759486,0.043753623962402344
4.042226314544678,1715,89811885,0.04386615753173828
4.094801902770996,1716,89864284,0.04377174377441406
4.014796733856201,1717,89916683,0.04389023780822754
4.031603813171387,1718,89969082,0.043868303298950195
4.021788120269775,1719,90021481,0.04460883140563965
4.035126209259033,1720,90073880,0.04443693161010742
4.086874485015869,1721,90126279,0.04456210136413574
4.028068542480469,1722,90178678,0.04506325721740723
4.0257792472839355,1723,90231077,0.044577836990356445
4.0267462730407715,1724,90283476,0.04447174072265625
3.9861717224121094,1725,90335875,0.044264793395996094
4.058659076690674,1726,90388274,0.044202327728271484
4.050827503204346,1727,90440673,0.04431343078613281
4.049520492553711,1728,90493072,0.04599261283874512
4.070339202880859,1729,90545471,0.044411659240722656
4.030383110046387,1730,90597870,0.04421091079711914
4.05104398727417,1731,90650269,0.044194698333740234
4.106934070587158,1732,90702668,0.044248104095458984
4.074676990509033,1733,90755067,0.0442509651184082
4.01133918762207,1734,90807466,0.04423356056213379
4.071442127227783,1735,90859865,0.04418754577636719
4.035565376281738,1736,90912264,0.04416060447692871
4.050448894500732,1737,90964663,0.04413437843322754
4.0035080909729,1738,91017062,0.044893503189086914
4.075402736663818,1739,91069461,0.04421734809875488
4.051184177398682,1740,91121860,0.04416298866271973
4.063441753387451,1741,91174259,0.044149160385131836
4.061142921447754,1742,91226658,0.044310808181762695
4.04403018951416,1743,91279057,0.04465174674987793
4.075682163238525,1744,91331456,0.04447460174560547
4.059874534606934,1745,91383855,0.04420757293701172
4.054591178894043,1746,91436254,0.04414963722229004
4.036190032958984,1747,91488653,0.0442509651184082
4.0170979499816895,1748,91541052,0.04606771469116211
4.089390277862549,1749,91593451,0.0443727970123291
4.0735368728637695,1750,91645850,0.04426765441894531
4.086675643920898,1751,91698249,0.044257164001464844
4.055300235748291,1752,91750648,0.04421353340148926
4.049860954284668,1753,91803047,0.0441131591796875
4.075688362121582,1754,91855446,0.044425249099731445
4.092258930206299,1755,91907845,0.044246673583984375
4.049869537353516,1756,91960244,0.044146060943603516
4.02350378036499,1757,92012643,0.04613661766052246
4.034055233001709,1758,92065042,0.04581499099731445
4.0337371826171875,1759,92117441,0.045647382736206055
4.078924655914307,1760,92169840,0.04578256607055664
4.035190582275391,1761,92222239,0.04441499710083008
4.051412582397461,1762,92274638,0.04578757286071777
4.027116775512695,1763,92327037,0.04483914375305176
4.026641368865967,1764,92379436,0.04438185691833496
4.076108932495117,1765,92431835,0.044950008392333984
4.099052429199219,1766,92484234,0.04560708999633789
4.062141418457031,1767,92536633,0.044821977615356445
4.07372522354126,1768,92589032,0.044229745864868164
4.021963119506836,1769,92641431,0.04416632652282715
4.054318428039551,1770,92693830,0.04411458969116211
4.018679618835449,1771,92746229,0.04552936553955078
4.042429447174072,1772,92798628,0.044393301010131836
4.055795669555664,1773,92851027,0.04428744316101074
3.991337299346924,1774,92903426,0.04406547546386719
4.0128889083862305,1775,92955825,0.04416179656982422
4.031500816345215,1776,93008224,0.04416203498840332
4.021727561950684,1777,93060623,0.044068336486816406
4.039052486419678,1778,93113022,0.044588327407836914
4.042354106903076,1779,93165421,0.04415297508239746
4.066537380218506,1780,93217820,0.04671335220336914
4.053016185760498,1781,93270219,0.04525279998779297
4.036494255065918,1782,93322618,0.04420971870422363
4.026889324188232,1783,93375017,0.04496455192565918
4.060553073883057,1784,93427416,0.04449868202209473
4.0757575035095215,1785,93479815,0.04423165321350098
4.050387382507324,1786,93532214,0.04669070243835449
4.013622283935547,1787,93584613,0.04599404335021973
4.0812788009643555,1788,93637012,0.04466533660888672
4.047628402709961,1789,93689411,0.04638051986694336
4.0410475730896,1790,93741810,0.044564247131347656
4.072864532470703,1791,93794209,0.044641733169555664
4.083309650421143,1792,93846608,0.044409751892089844
4.05684757232666,1793,93899007,0.04432082176208496
4.069243431091309,1794,93951406,0.04429984092712402
4.067041397094727,1795,94003805,0.04531431198120117
4.042512893676758,1796,94056204,0.04499936103820801
4.007197856903076,1797,94108603,0.04589223861694336
4.0222296714782715,1798,94161002,0.04862570762634277
4.049830436706543,1799,94213401,0.04471182823181152
3.993129253387451,1800,94265800,0.044319868087768555
4.039443016052246,1801,94318199,0.044322967529296875
4.020593166351318,1802,94370598,0.046991825103759766
4.046558380126953,1803,94422997,0.046042442321777344
4.015411853790283,1804,94475396,0.04484152793884277
4.091557502746582,1805,94527795,0.045961856842041016
4.017172336578369,1806,94580194,0.044205427169799805
4.050573348999023,1807,94632593,0.04403877258300781
4.035654067993164,1808,94684992,0.04421663284301758
4.038060665130615,1809,94737391,0.04434919357299805
4.033113956451416,1810,94789790,0.04559016227722168
4.010862827301025,1811,94842189,0.04661870002746582
3.991288185119629,1812,94894588,0.04433631896972656
4.047093391418457,1813,94946987,0.04436612129211426
4.015830039978027,1814,94999386,0.04434013366699219
4.0648932456970215,1815,95051785,0.046823978424072266
4.09874963760376,1816,95104184,0.0448153018951416
4.046069145202637,1817,95156583,0.044954776763916016
4.068680763244629,1818,95208982,0.04636502265930176
4.046918869018555,1819,95261381,0.04650592803955078
4.038286209106445,1820,95313780,0.04528641700744629
4.045663356781006,1821,95366179,0.04447579383850098
4.05204439163208,1822,95418578,0.04553723335266113
4.040576457977295,1823,95470977,0.046250343322753906
4.058324337005615,1824,95523376,0.04599952697753906
4.045194149017334,1825,95575775,0.04633927345275879
4.030003070831299,1826,95628174,0.04467964172363281
4.0112624168396,1827,95680573,0.04675745964050293
4.021393299102783,1828,95732972,0.04622364044189453
4.0320940017700195,1829,95785371,0.04474282264709473
4.0537800788879395,1830,95837770,0.044860124588012695
4.014747619628906,1831,95890169,0.044236183166503906
4.039922714233398,1832,95942568,0.04439353942871094
4.056605339050293,1833,95994967,0.04425215721130371
4.037997722625732,1834,96047366,0.04422569274902344
4.056933879852295,1835,96099765,0.04590249061584473
4.023347854614258,1836,96152164,0.04599261283874512
4.0630998611450195,1837,96204563,0.04420113563537598
4.034101486206055,1838,96256962,0.04751181602478027
4.041318416595459,1839,96309361,0.046508073806762695
4.078284740447998,1840,96361760,0.045380353927612305
4.062922954559326,1841,96414159,0.04462146759033203
4.0664825439453125,1842,96466558,0.047692298889160156
4.098188400268555,1843,96518957,0.044798851013183594
4.041317939758301,1844,96571356,0.044228315353393555
4.063307285308838,1845,96623755,0.04401040077209473
4.053062438964844,1846,96676154,0.04428458213806152
4.0612664222717285,1847,96728553,0.0442659854888916
3.9977996349334717,1848,96780952,0.044298410415649414
4.0682268142700195,1849,96833351,0.04444003105163574
4.029430866241455,1850,96885750,0.0441889762878418
4.0232110023498535,1851,96938149,0.04414677619934082
4.068253993988037,1852,96990548,0.044141292572021484
4.037639141082764,1853,97042947,0.04415488243103027
4.035653591156006,1854,97095346,0.04454183578491211
4.032449245452881,1855,97147745,0.044213294982910156
4.057485580444336,1856,97200144,0.04406285285949707
4.068914890289307,1857,97252543,0.044217586517333984
4.039178848266602,1858,97304942,0.04495501518249512
4.021235466003418,1859,97357341,0.04470682144165039
4.111109733581543,1860,97409740,0.044153690338134766
4.074263572692871,1861,97462139,0.044341087341308594
4.025455474853516,1862,97514538,0.04632163047790527
4.022320747375488,1863,97566937,0.045520782470703125
4.0173258781433105,1864,97619336,0.04449772834777832
4.027814865112305,1865,97671735,0.04416656494140625
4.035982608795166,1866,97724134,0.044077396392822266
4.012250900268555,1867,97776533,0.04546189308166504
4.054357528686523,1868,97828932,0.04456663131713867
4.040505409240723,1869,97881331,0.044571876525878906
4.057989120483398,1870,97933730,0.04443526268005371
4.056024074554443,1871,97986129,0.04644775390625
4.101950168609619,1872,98038528,0.04663538932800293
4.059890270233154,1873,98090927,0.046416282653808594
4.001258850097656,1874,98143326,0.04441952705383301
4.010439872741699,1875,98195725,0.045435190200805664
4.057779312133789,1876,98248124,0.04524087905883789
4.044432640075684,1877,98300523,0.04465293884277344
4.012789726257324,1878,98352922,0.0439000129699707
4.07520055770874,1879,98405321,0.04433298110961914
4.063964366912842,1880,98457720,0.04614996910095215
4.068840980529785,1881,98510119,0.04571247100830078
4.042970180511475,1882,98562518,0.04536843299865723
4.028587341308594,1883,98614917,0.044408321380615234
4.050936222076416,1884,98667316,0.04487252235412598
4.05004358291626,1885,98719715,0.047651052474975586
4.057195663452148,1886,98772114,0.04680228233337402
4.050104141235352,1887,98824513,0.045926570892333984
4.059973239898682,1888,98876912,0.04664874076843262
4.047125816345215,1889,98929311,0.04526686668395996
4.08661413192749,1890,98981710,0.045812129974365234
4.0626912117004395,1891,99034109,0.04498767852783203
4.0461015701293945,1892,99086508,0.04448747634887695
4.044491767883301,1893,99138907,0.04555535316467285
4.041788101196289,1894,99191306,0.04657435417175293
4.043702602386475,1895,99243705,0.04627847671508789
4.026931285858154,1896,99296104,0.04574251174926758
4.080960750579834,1897,99348503,0.0462038516998291
4.047208786010742,1898,99400902,0.045313358306884766
4.046599388122559,1899,99453301,0.045946598052978516
4.078067302703857,1900,99505700,0.04617810249328613
4.035050392150879,1901,99558099,0.04543280601501465
4.046778202056885,1902,99610498,0.04956650733947754
4.06099796295166,1903,99662897,0.04539036750793457
4.067278861999512,1904,99715296,0.044382572174072266
4.022390365600586,1905,99767695,0.04481816291809082
4.088848114013672,1906,99820094,0.044861555099487305
4.0530829429626465,1907,99872493,0.04505133628845215
4.0442705154418945,1908,99924892,0.04509162902832031
4.06064510345459,1909,99977291,0.04421377182006836
4.042858600616455,1910,100029690,0.044953346252441406
